ID,Predicted
0, 0.36
1, 0.21
2, 0.50
3, 0.32
4, 0.87
5, 0.20
6, 0.60
7, 0.39
8, 0.46
9, 0.64
10, 0.47
11, 0.53
12, 0.43
13, 0.52
14, 0.82
15, 0.88
16, 0.85
17, 0.57
18, 0.53
19, 0.37
20, 0.45
21, 0.84
22, 0.46
23, 0.49
24, 0.45
25, 0.48
26, 0.58
27, 0.49
28, 0.52
29, 0.51
30, 0.47
31, 0.44
32, 0.52
33, 0.33
34, 0.60
35, 0.39
36, 0.41
37, 0.49
38, 0.51
39, 0.87
40, 0.53
41, 0.37
42, 0.52
43, 0.40
44, 0.84
45, 0.49
46, 0.53
47, 0.26
48, 0.42
49, 0.56
50, 0.26
51, 0.21
52, 0.15
53, 0.43
54, 0.40
55, 0.50
56, 0.45
57, 0.35
58, 0.27
59, 0.52
60, 0.59
61, 0.44
62, 0.19
63, 0.85
64, 0.88
65, 0.46
66, 0.63
67, 0.45
68, 0.17
69, 0.46
70, 0.57
71, 0.89
72, 0.81
73, 0.42
74, 0.17
75, 0.65
76, 0.51
77, 0.44
78, 0.45
79, 0.22
80, 0.54
81, 0.49
82, 0.47
83, 0.88
84, 0.56
85, 0.61
86, 0.50
87, 0.51
88, 0.47
89, 0.89
90, 0.47
91, 0.88
92, 0.50
93, 0.46
94, 0.87
95, 0.44
96, 0.26
97, 0.43
98, 0.88
99, 0.42
100, 0.50
101, 0.52
102, 0.17
103, 0.58
104, 0.56
105, 0.45
106, 0.45
107, 0.43
108, 0.43
109, 0.65
110, 0.18
111, 0.50
112, 0.39
113, 0.50
114, 0.46
115, 0.45
116, 0.55
117, 0.52
118, 0.19
119, 0.45
120, 0.22
121, 0.63
122, 0.45
123, 0.39
124, 0.43
125, 0.17
126, 0.63
127, 0.60
128, 0.54
129, 0.42
130, 0.20
131, 0.83
132, 0.24
133, 0.44
134, 0.51
135, 0.53
136, 0.25
137, 0.25
138, 0.46
139, 0.65
140, 0.54
141, 0.46
142, 0.50
143, 0.87
144, 0.87
145, 0.51
146, 0.46
147, 0.47
148, 0.45
149, 0.32
150, 0.36
151, 0.87
152, 0.19
153, 0.30
154, 0.48
155, 0.57
156, 0.26
157, 0.53
158, 0.51
159, 0.33
160, 0.51
161, 0.53
162, 0.68
163, 0.20
164, 0.53
165, 0.61
166, 0.24
167, 0.43
168, 0.88
169, 0.37
170, 0.40
171, 0.43
172, 0.73
173, 0.60
174, 0.36
175, 0.58
176, 0.29
177, 0.17
178, 0.55
179, 0.43
180, 0.42
181, 0.48
182, 0.83
183, 0.48
184, 0.30
185, 0.46
186, 0.48
187, 0.44
188, 0.61
189, 0.49
190, 0.59
191, 0.46
192, 0.47
193, 0.46
194, 0.36
195, 0.18
196, 0.52
197, 0.68
198, 0.20
199, 0.20
200, 0.47
201, 0.41
202, 0.43
203, 0.45
204, 0.67
205, 0.37
206, 0.18
207, 0.48
208, 0.87
209, 0.50
210, 0.38
211, 0.50
212, 0.41
213, 0.52
214, 0.36
215, 0.51
216, 0.53
217, 0.54
218, 0.42
219, 0.19
220, 0.21
221, 0.48
222, 0.28
223, 0.21
224, 0.45
225, 0.48
226, 0.41
227, 0.78
228, 0.58
229, 0.40
230, 0.21
231, 0.20
232, 0.47
233, 0.42
234, 0.27
235, 0.25
236, 0.51
237, 0.21
238, 0.56
239, 0.40
240, 0.39
241, 0.57
242, 0.17
243, 0.20
244, 0.45
245, 0.42
246, 0.52
247, 0.58
248, 0.45
249, 0.18
250, 0.87
251, 0.47
252, 0.48
253, 0.20
254, 0.44
255, 0.53
256, 0.50
257, 0.54
258, 0.58
259, 0.44
260, 0.17
261, 0.19
262, 0.24
263, 0.88
264, 0.47
265, 0.48
266, 0.42
267, 0.64
268, 0.45
269, 0.48
270, 0.49
271, 0.52
272, 0.46
273, 0.46
274, 0.56
275, 0.54
276, 0.44
277, 0.21
278, 0.60
279, 0.37
280, 0.88
281, 0.62
282, 0.90
283, 0.47
284, 0.58
285, 0.62
286, 0.46
287, 0.53
288, 0.89
289, 0.46
290, 0.52
291, 0.41
292, 0.85
293, 0.39
294, 0.23
295, 0.54
296, 0.23
297, 0.43
298, 0.32
299, 0.45
300, 0.43
301, 0.46
302, 0.36
303, 0.45
304, 0.49
305, 0.56
306, 0.47
307, 0.55
308, 0.49
309, 0.44
310, 0.53
311, 0.20
312, 0.90
313, 0.41
314, 0.49
315, 0.48
316, 0.48
317, 0.64
318, 0.39
319, 0.19
320, 0.30
321, 0.89
322, 0.22
323, 0.19
324, 0.60
325, 0.81
326, 0.59
327, 0.41
328, 0.40
329, 0.45
330, 0.27
331, 0.46
332, 0.19
333, 0.19
334, 0.88
335, 0.59
336, 0.38
337, 0.47
338, 0.47
339, 0.56
340, 0.49
341, 0.51
342, 0.39
343, 0.19
344, 0.88
345, 0.51
346, 0.24
347, 0.37
348, 0.42
349, 0.57
350, 0.83
351, 0.41
352, 0.56
353, 0.62
354, 0.50
355, 0.47
356, 0.42
357, 0.30
358, 0.45
359, 0.45
360, 0.44
361, 0.50
362, 0.48
363, 0.54
364, 0.55
365, 0.51
366, 0.55
367, 0.83
368, 0.48
369, 0.25
370, 0.42
371, 0.71
372, 0.42
373, 0.69
374, 0.83
375, 0.53
376, 0.50
377, 0.41
378, 0.50
379, 0.47
380, 0.50
381, 0.24
382, 0.20
383, 0.51
384, 0.51
385, 0.39
386, 0.22
387, 0.48
388, 0.56
389, 0.23
390, 0.86
391, 0.48
392, 0.53
393, 0.43
394, 0.52
395, 0.47
396, 0.52
397, 0.22
398, 0.46
399, 0.77
400, 0.50
401, 0.52
402, 0.52
403, 0.55
404, 0.31
405, 0.52
406, 0.24
407, 0.55
408, 0.46
409, 0.37
410, 0.22
411, 0.42
412, 0.45
413, 0.51
414, 0.17
415, 0.44
416, 0.39
417, 0.85
418, 0.50
419, 0.49
420, 0.54
421, 0.53
422, 0.45
423, 0.54
424, 0.89
425, 0.62
426, 0.54
427, 0.69
428, 0.89
429, 0.25
430, 0.46
431, 0.44
432, 0.52
433, 0.28
434, 0.89
435, 0.57
436, 0.53
437, 0.47
438, 0.50
439, 0.22
440, 0.86
441, 0.44
442, 0.33
443, 0.39
444, 0.55
445, 0.48
446, 0.49
447, 0.20
448, 0.44
449, 0.79
450, 0.49
451, 0.22
452, 0.62
453, 0.41
454, 0.41
455, 0.39
456, 0.39
457, 0.40
458, 0.55
459, 0.44
460, 0.61
461, 0.51
462, 0.51
463, 0.88
464, 0.84
465, 0.46
466, 0.52
467, 0.55
468, 0.87
469, 0.48
470, 0.42
471, 0.47
472, 0.37
473, 0.53
474, 0.84
475, 0.67
476, 0.90
477, 0.47
478, 0.21
479, 0.37
480, 0.43
481, 0.82
482, 0.88
483, 0.53
484, 0.26
485, 0.56
486, 0.34
487, 0.86
488, 0.39
489, 0.40
490, 0.33
491, 0.21
492, 0.45
493, 0.48
494, 0.41
495, 0.34
496, 0.25
497, 0.55
498, 0.78
499, 0.69
500, 0.81
501, 0.38
502, 0.21
503, 0.51
504, 0.53
505, 0.88
506, 0.57
507, 0.89
508, 0.48
509, 0.39
510, 0.55
511, 0.50
512, 0.42
513, 0.39
514, 0.42
515, 0.56
516, 0.29
517, 0.66
518, 0.37
519, 0.42
520, 0.25
521, 0.51
522, 0.22
523, 0.42
524, 0.52
525, 0.48
526, 0.42
527, 0.57
528, 0.53
529, 0.40
530, 0.49
531, 0.51
532, 0.43
533, 0.55
534, 0.37
535, 0.52
536, 0.40
537, 0.49
538, 0.50
539, 0.24
540, 0.89
541, 0.48
542, 0.50
543, 0.90
544, 0.49
545, 0.48
546, 0.88
547, 0.45
548, 0.39
549, 0.39
550, 0.36
551, 0.43
552, 0.88
553, 0.21
554, 0.56
555, 0.44
556, 0.19
557, 0.89
558, 0.58
559, 0.66
560, 0.48
561, 0.38
562, 0.70
563, 0.89
564, 0.43
565, 0.83
566, 0.44
567, 0.84
568, 0.44
569, 0.85
570, 0.49
571, 0.50
572, 0.53
573, 0.18
574, 0.47
575, 0.56
576, 0.58
577, 0.62
578, 0.50
579, 0.62
580, 0.48
581, 0.54
582, 0.40
583, 0.48
584, 0.37
585, 0.42
586, 0.23
587, 0.47
588, 0.25
589, 0.26
590, 0.42
591, 0.58
592, 0.58
593, 0.89
594, 0.52
595, 0.86
596, 0.42
597, 0.49
598, 0.53
599, 0.54
600, 0.56
601, 0.89
602, 0.69
603, 0.38
604, 0.58
605, 0.24
606, 0.34
607, 0.21
608, 0.90
609, 0.41
610, 0.55
611, 0.54
612, 0.41
613, 0.46
614, 0.54
615, 0.42
616, 0.43
617, 0.53
618, 0.33
619, 0.25
620, 0.49
621, 0.52
622, 0.50
623, 0.50
624, 0.41
625, 0.44
626, 0.39
627, 0.90
628, 0.49
629, 0.57
630, 0.47
631, 0.39
632, 0.24
633, 0.49
634, 0.84
635, 0.52
636, 0.91
637, 0.49
638, 0.30
639, 0.56
640, 0.40
641, 0.54
642, 0.50
643, 0.59
644, 0.54
645, 0.49
646, 0.40
647, 0.43
648, 0.88
649, 0.49
650, 0.40
651, 0.49
652, 0.65
653, 0.60
654, 0.86
655, 0.34
656, 0.54
657, 0.46
658, 0.23
659, 0.43
660, 0.89
661, 0.50
662, 0.52
663, 0.46
664, 0.38
665, 0.39
666, 0.44
667, 0.86
668, 0.53
669, 0.86
670, 0.46
671, 0.54
672, 0.89
673, 0.64
674, 0.47
675, 0.89
676, 0.21
677, 0.24
678, 0.19
679, 0.49
680, 0.89
681, 0.83
682, 0.48
683, 0.37
684, 0.56
685, 0.44
686, 0.49
687, 0.57
688, 0.35
689, 0.22
690, 0.63
691, 0.59
692, 0.52
693, 0.38
694, 0.61
695, 0.43
696, 0.56
697, 0.48
698, 0.37
699, 0.49
700, 0.36
701, 0.34
702, 0.46
703, 0.46
704, 0.36
705, 0.42
706, 0.35
707, 0.20
708, 0.39
709, 0.22
710, 0.88
711, 0.46
712, 0.56
713, 0.48
714, 0.50
715, 0.39
716, 0.27
717, 0.35
718, 0.44
719, 0.48
720, 0.17
721, 0.58
722, 0.21
723, 0.43
724, 0.37
725, 0.48
726, 0.49
727, 0.47
728, 0.46
729, 0.34
730, 0.39
731, 0.21
732, 0.43
733, 0.88
734, 0.26
735, 0.40
736, 0.50
737, 0.17
738, 0.49
739, 0.36
740, 0.53
741, 0.20
742, 0.46
743, 0.29
744, 0.86
745, 0.43
746, 0.35
747, 0.53
748, 0.36
749, 0.76
750, 0.49
751, 0.44
752, 0.58
753, 0.84
754, 0.49
755, 0.37
756, 0.51
757, 0.64
758, 0.20
759, 0.51
760, 0.16
761, 0.57
762, 0.43
763, 0.38
764, 0.36
765, 0.22
766, 0.65
767, 0.38
768, 0.25
769, 0.42
770, 0.57
771, 0.58
772, 0.47
773, 0.49
774, 0.51
775, 0.48
776, 0.61
777, 0.43
778, 0.59
779, 0.49
780, 0.47
781, 0.60
782, 0.63
783, 0.41
784, 0.54
785, 0.39
786, 0.45
787, 0.42
788, 0.84
789, 0.22
790, 0.28
791, 0.58
792, 0.42
793, 0.27
794, 0.45
795, 0.49
796, 0.21
797, 0.50
798, 0.54
799, 0.89
800, 0.51
801, 0.69
802, 0.51
803, 0.85
804, 0.41
805, 0.43
806, 0.40
807, 0.57
808, 0.24
809, 0.18
810, 0.46
811, 0.55
812, 0.86
813, 0.18
814, 0.42
815, 0.35
816, 0.68
817, 0.33
818, 0.33
819, 0.48
820, 0.49
821, 0.19
822, 0.83
823, 0.48
824, 0.33
825, 0.22
826, 0.48
827, 0.59
828, 0.86
829, 0.52
830, 0.26
831, 0.55
832, 0.40
833, 0.49
834, 0.55
835, 0.39
836, 0.63
837, 0.44
838, 0.67
839, 0.45
840, 0.20
841, 0.50
842, 0.43
843, 0.55
844, 0.41
845, 0.43
846, 0.57
847, 0.15
848, 0.38
849, 0.49
850, 0.18
851, 0.49
852, 0.23
853, 0.52
854, 0.54
855, 0.89
856, 0.44
857, 0.44
858, 0.48
859, 0.60
860, 0.58
861, 0.35
862, 0.55
863, 0.50
864, 0.56
865, 0.50
866, 0.42
867, 0.22
868, 0.46
869, 0.42
870, 0.20
871, 0.57
872, 0.87
873, 0.89
874, 0.20
875, 0.16
876, 0.40
877, 0.53
878, 0.43
879, 0.52
880, 0.58
881, 0.42
882, 0.40
883, 0.60
884, 0.39
885, 0.40
886, 0.87
887, 0.42
888, 0.60
889, 0.42
890, 0.81
891, 0.48
892, 0.57
893, 0.35
894, 0.89
895, 0.54
896, 0.43
897, 0.48
898, 0.43
899, 0.18
900, 0.49
901, 0.44
902, 0.53
903, 0.47
904, 0.88
905, 0.89
906, 0.42
907, 0.51
908, 0.28
909, 0.40
910, 0.82
911, 0.54
912, 0.35
913, 0.39
914, 0.31
915, 0.43
916, 0.54
917, 0.89
918, 0.50
919, 0.54
920, 0.45
921, 0.44
922, 0.45
923, 0.53
924, 0.57
925, 0.47
926, 0.42
927, 0.88
928, 0.20
929, 0.86
930, 0.45
931, 0.39
932, 0.37
933, 0.45
934, 0.52
935, 0.37
936, 0.54
937, 0.35
938, 0.49
939, 0.71
940, 0.50
941, 0.20
942, 0.43
943, 0.48
944, 0.43
945, 0.37
946, 0.52
947, 0.88
948, 0.22
949, 0.28
950, 0.53
951, 0.49
952, 0.38
953, 0.52
954, 0.36
955, 0.37
956, 0.46
957, 0.51
958, 0.50
959, 0.20
960, 0.35
961, 0.58
962, 0.49
963, 0.77
964, 0.49
965, 0.39
966, 0.34
967, 0.50
968, 0.38
969, 0.51
970, 0.40
971, 0.21
972, 0.50
973, 0.17
974, 0.54
975, 0.51
976, 0.57
977, 0.53
978, 0.39
979, 0.50
980, 0.48
981, 0.51
982, 0.45
983, 0.50
984, 0.46
985, 0.49
986, 0.32
987, 0.46
988, 0.54
989, 0.43
990, 0.24
991, 0.24
992, 0.39
993, 0.45
994, 0.23
995, 0.42
996, 0.52
997, 0.50
998, 0.30
999, 0.49
1000, 0.47
1001, 0.50
1002, 0.38
1003, 0.51
1004, 0.90
1005, 0.26
1006, 0.35
1007, 0.88
1008, 0.51
1009, 0.39
1010, 0.46
1011, 0.39
1012, 0.58
1013, 0.41
1014, 0.14
1015, 0.50
1016, 0.58
1017, 0.48
1018, 0.49
1019, 0.61
1020, 0.22
1021, 0.59
1022, 0.54
1023, 0.49
1024, 0.49
1025, 0.36
1026, 0.87
1027, 0.53
1028, 0.89
1029, 0.49
1030, 0.21
1031, 0.87
1032, 0.52
1033, 0.48
1034, 0.51
1035, 0.81
1036, 0.49
1037, 0.45
1038, 0.48
1039, 0.56
1040, 0.53
1041, 0.58
1042, 0.90
1043, 0.44
1044, 0.41
1045, 0.55
1046, 0.39
1047, 0.39
1048, 0.41
1049, 0.35
1050, 0.43
1051, 0.76
1052, 0.58
1053, 0.29
1054, 0.19
1055, 0.89
1056, 0.14
1057, 0.38
1058, 0.52
1059, 0.49
1060, 0.52
1061, 0.44
1062, 0.51
1063, 0.45
1064, 0.89
1065, 0.45
1066, 0.90
1067, 0.38
1068, 0.25
1069, 0.55
1070, 0.78
1071, 0.47
1072, 0.52
1073, 0.55
1074, 0.19
1075, 0.20
1076, 0.39
1077, 0.43
1078, 0.41
1079, 0.25
1080, 0.19
1081, 0.43
1082, 0.49
1083, 0.88
1084, 0.61
1085, 0.61
1086, 0.45
1087, 0.51
1088, 0.53
1089, 0.53
1090, 0.47
1091, 0.44
1092, 0.31
1093, 0.45
1094, 0.42
1095, 0.46
1096, 0.42
1097, 0.49
1098, 0.58
1099, 0.43
1100, 0.54
1101, 0.33
1102, 0.59
1103, 0.42
1104, 0.47
1105, 0.48
1106, 0.41
1107, 0.47
1108, 0.44
1109, 0.26
1110, 0.58
1111, 0.38
1112, 0.51
1113, 0.51
1114, 0.82
1115, 0.58
1116, 0.53
1117, 0.33
1118, 0.61
1119, 0.65
1120, 0.85
1121, 0.39
1122, 0.47
1123, 0.62
1124, 0.87
1125, 0.25
1126, 0.40
1127, 0.40
1128, 0.61
1129, 0.20
1130, 0.50
1131, 0.50
1132, 0.52
1133, 0.50
1134, 0.41
1135, 0.38
1136, 0.39
1137, 0.43
1138, 0.49
1139, 0.43
1140, 0.85
1141, 0.20
1142, 0.30
1143, 0.59
1144, 0.54
1145, 0.46
1146, 0.46
1147, 0.22
1148, 0.89
1149, 0.89
1150, 0.47
1151, 0.38
1152, 0.88
1153, 0.20
1154, 0.17
1155, 0.18
1156, 0.22
1157, 0.40
1158, 0.43
1159, 0.54
1160, 0.54
1161, 0.48
1162, 0.45
1163, 0.46
1164, 0.43
1165, 0.89
1166, 0.47
1167, 0.48
1168, 0.57
1169, 0.51
1170, 0.42
1171, 0.50
1172, 0.88
1173, 0.45
1174, 0.89
1175, 0.58
1176, 0.52
1177, 0.40
1178, 0.42
1179, 0.47
1180, 0.43
1181, 0.46
1182, 0.34
1183, 0.51
1184, 0.72
1185, 0.44
1186, 0.89
1187, 0.64
1188, 0.44
1189, 0.53
1190, 0.52
1191, 0.88
1192, 0.44
1193, 0.55
1194, 0.50
1195, 0.53
1196, 0.38
1197, 0.43
1198, 0.45
1199, 0.88
1200, 0.44
1201, 0.44
1202, 0.48
1203, 0.89
1204, 0.43
1205, 0.48
1206, 0.48
1207, 0.49
1208, 0.36
1209, 0.29
1210, 0.44
1211, 0.60
1212, 0.47
1213, 0.53
1214, 0.43
1215, 0.52
1216, 0.52
1217, 0.25
1218, 0.35
1219, 0.41
1220, 0.20
1221, 0.85
1222, 0.49
1223, 0.56
1224, 0.67
1225, 0.45
1226, 0.47
1227, 0.20
1228, 0.57
1229, 0.48
1230, 0.55
1231, 0.53
1232, 0.62
1233, 0.29
1234, 0.53
1235, 0.41
1236, 0.52
1237, 0.45
1238, 0.54
1239, 0.20
1240, 0.47
1241, 0.21
1242, 0.50
1243, 0.69
1244, 0.40
1245, 0.53
1246, 0.47
1247, 0.18
1248, 0.69
1249, 0.50
1250, 0.48
1251, 0.54
1252, 0.59
1253, 0.56
1254, 0.44
1255, 0.47
1256, 0.89
1257, 0.84
1258, 0.56
1259, 0.39
1260, 0.32
1261, 0.53
1262, 0.46
1263, 0.31
1264, 0.51
1265, 0.52
1266, 0.63
1267, 0.41
1268, 0.57
1269, 0.40
1270, 0.21
1271, 0.46
1272, 0.55
1273, 0.89
1274, 0.51
1275, 0.46
1276, 0.48
1277, 0.37
1278, 0.50
1279, 0.87
1280, 0.39
1281, 0.50
1282, 0.42
1283, 0.53
1284, 0.52
1285, 0.85
1286, 0.77
1287, 0.63
1288, 0.52
1289, 0.44
1290, 0.49
1291, 0.89
1292, 0.37
1293, 0.89
1294, 0.50
1295, 0.51
1296, 0.46
1297, 0.59
1298, 0.37
1299, 0.53
1300, 0.37
1301, 0.60
1302, 0.22
1303, 0.44
1304, 0.34
1305, 0.53
1306, 0.90
1307, 0.49
1308, 0.48
1309, 0.28
1310, 0.41
1311, 0.43
1312, 0.20
1313, 0.47
1314, 0.25
1315, 0.89
1316, 0.38
1317, 0.21
1318, 0.52
1319, 0.55
1320, 0.49
1321, 0.46
1322, 0.20
1323, 0.57
1324, 0.40
1325, 0.50
1326, 0.49
1327, 0.40
1328, 0.80
1329, 0.77
1330, 0.41
1331, 0.49
1332, 0.87
1333, 0.40
1334, 0.58
1335, 0.57
1336, 0.47
1337, 0.39
1338, 0.53
1339, 0.88
1340, 0.45
1341, 0.20
1342, 0.42
1343, 0.56
1344, 0.49
1345, 0.88
1346, 0.40
1347, 0.41
1348, 0.28
1349, 0.44
1350, 0.50
1351, 0.29
1352, 0.21
1353, 0.40
1354, 0.58
1355, 0.51
1356, 0.32
1357, 0.47
1358, 0.64
1359, 0.35
1360, 0.44
1361, 0.42
1362, 0.89
1363, 0.42
1364, 0.44
1365, 0.46
1366, 0.47
1367, 0.85
1368, 0.47
1369, 0.54
1370, 0.86
1371, 0.33
1372, 0.50
1373, 0.32
1374, 0.23
1375, 0.89
1376, 0.53
1377, 0.16
1378, 0.51
1379, 0.50
1380, 0.48
1381, 0.51
1382, 0.27
1383, 0.42
1384, 0.53
1385, 0.60
1386, 0.52
1387, 0.41
1388, 0.50
1389, 0.44
1390, 0.55
1391, 0.74
1392, 0.49
1393, 0.51
1394, 0.88
1395, 0.48
1396, 0.56
1397, 0.21
1398, 0.46
1399, 0.49
1400, 0.43
1401, 0.45
1402, 0.44
1403, 0.24
1404, 0.26
1405, 0.21
1406, 0.41
1407, 0.59
1408, 0.51
1409, 0.58
1410, 0.89
1411, 0.49
1412, 0.90
1413, 0.52
1414, 0.55
1415, 0.19
1416, 0.51
1417, 0.42
1418, 0.43
1419, 0.39
1420, 0.54
1421, 0.32
1422, 0.47
1423, 0.41
1424, 0.44
1425, 0.52
1426, 0.51
1427, 0.54
1428, 0.54
1429, 0.19
1430, 0.51
1431, 0.50
1432, 0.53
1433, 0.49
1434, 0.63
1435, 0.24
1436, 0.41
1437, 0.54
1438, 0.18
1439, 0.62
1440, 0.45
1441, 0.41
1442, 0.45
1443, 0.41
1444, 0.58
1445, 0.31
1446, 0.23
1447, 0.14
1448, 0.21
1449, 0.30
1450, 0.48
1451, 0.60
1452, 0.83
1453, 0.85
1454, 0.29
1455, 0.48
1456, 0.44
1457, 0.47
1458, 0.20
1459, 0.45
1460, 0.40
1461, 0.24
1462, 0.46
1463, 0.17
1464, 0.54
1465, 0.22
1466, 0.56
1467, 0.25
1468, 0.58
1469, 0.54
1470, 0.45
1471, 0.46
1472, 0.21
1473, 0.23
1474, 0.43
1475, 0.87
1476, 0.39
1477, 0.49
1478, 0.20
1479, 0.44
1480, 0.74
1481, 0.58
1482, 0.44
1483, 0.60
1484, 0.50
1485, 0.49
1486, 0.49
1487, 0.90
1488, 0.24
1489, 0.60
1490, 0.20
1491, 0.44
1492, 0.58
1493, 0.44
1494, 0.64
1495, 0.88
1496, 0.43
1497, 0.64
1498, 0.18
1499, 0.37
1500, 0.36
1501, 0.46
1502, 0.37
1503, 0.59
1504, 0.38
1505, 0.61
1506, 0.54
1507, 0.56
1508, 0.59
1509, 0.46
1510, 0.58
1511, 0.45
1512, 0.31
1513, 0.35
1514, 0.27
1515, 0.46
1516, 0.49
1517, 0.49
1518, 0.59
1519, 0.27
1520, 0.23
1521, 0.21
1522, 0.46
1523, 0.19
1524, 0.44
1525, 0.60
1526, 0.23
1527, 0.21
1528, 0.62
1529, 0.59
1530, 0.42
1531, 0.88
1532, 0.29
1533, 0.64
1534, 0.50
1535, 0.61
1536, 0.42
1537, 0.62
1538, 0.88
1539, 0.47
1540, 0.46
1541, 0.87
1542, 0.59
1543, 0.35
1544, 0.46
1545, 0.55
1546, 0.56
1547, 0.46
1548, 0.50
1549, 0.60
1550, 0.25
1551, 0.41
1552, 0.49
1553, 0.38
1554, 0.48
1555, 0.19
1556, 0.32
1557, 0.89
1558, 0.44
1559, 0.42
1560, 0.88
1561, 0.46
1562, 0.26
1563, 0.22
1564, 0.87
1565, 0.84
1566, 0.48
1567, 0.60
1568, 0.49
1569, 0.89
1570, 0.54
1571, 0.84
1572, 0.88
1573, 0.20
1574, 0.20
1575, 0.43
1576, 0.86
1577, 0.88
1578, 0.87
1579, 0.40
1580, 0.27
1581, 0.40
1582, 0.38
1583, 0.60
1584, 0.19
1585, 0.47
1586, 0.22
1587, 0.53
1588, 0.55
1589, 0.81
1590, 0.47
1591, 0.84
1592, 0.52
1593, 0.46
1594, 0.42
1595, 0.23
1596, 0.56
1597, 0.55
1598, 0.77
1599, 0.51
1600, 0.17
1601, 0.41
1602, 0.66
1603, 0.51
1604, 0.48
1605, 0.22
1606, 0.52
1607, 0.52
1608, 0.49
1609, 0.40
1610, 0.55
1611, 0.53
1612, 0.36
1613, 0.24
1614, 0.81
1615, 0.88
1616, 0.46
1617, 0.56
1618, 0.69
1619, 0.47
1620, 0.88
1621, 0.49
1622, 0.85
1623, 0.46
1624, 0.61
1625, 0.53
1626, 0.44
1627, 0.56
1628, 0.58
1629, 0.45
1630, 0.64
1631, 0.48
1632, 0.39
1633, 0.40
1634, 0.53
1635, 0.49
1636, 0.85
1637, 0.53
1638, 0.51
1639, 0.24
1640, 0.18
1641, 0.41
1642, 0.87
1643, 0.62
1644, 0.46
1645, 0.38
1646, 0.17
1647, 0.86
1648, 0.60
1649, 0.18
1650, 0.44
1651, 0.43
1652, 0.21
1653, 0.89
1654, 0.23
1655, 0.53
1656, 0.35
1657, 0.33
1658, 0.45
1659, 0.56
1660, 0.53
1661, 0.19
1662, 0.47
1663, 0.56
1664, 0.46
1665, 0.87
1666, 0.42
1667, 0.59
1668, 0.23
1669, 0.49
1670, 0.51
1671, 0.87
1672, 0.41
1673, 0.52
1674, 0.47
1675, 0.17
1676, 0.42
1677, 0.58
1678, 0.49
1679, 0.82
1680, 0.49
1681, 0.56
1682, 0.85
1683, 0.38
1684, 0.43
1685, 0.63
1686, 0.62
1687, 0.50
1688, 0.19
1689, 0.41
1690, 0.53
1691, 0.57
1692, 0.36
1693, 0.18
1694, 0.56
1695, 0.53
1696, 0.49
1697, 0.89
1698, 0.38
1699, 0.47
1700, 0.40
1701, 0.57
1702, 0.62
1703, 0.87
1704, 0.36
1705, 0.48
1706, 0.88
1707, 0.39
1708, 0.46
1709, 0.50
1710, 0.24
1711, 0.53
1712, 0.52
1713, 0.56
1714, 0.51
1715, 0.86
1716, 0.72
1717, 0.52
1718, 0.22
1719, 0.37
1720, 0.45
1721, 0.46
1722, 0.45
1723, 0.40
1724, 0.46
1725, 0.52
1726, 0.82
1727, 0.44
1728, 0.48
1729, 0.84
1730, 0.38
1731, 0.41
1732, 0.51
1733, 0.52
1734, 0.46
1735, 0.49
1736, 0.54
1737, 0.24
1738, 0.87
1739, 0.44
1740, 0.89
1741, 0.59
1742, 0.49
1743, 0.26
1744, 0.34
1745, 0.46
1746, 0.46
1747, 0.47
1748, 0.46
1749, 0.45
1750, 0.61
1751, 0.37
1752, 0.42
1753, 0.60
1754, 0.82
1755, 0.60
1756, 0.40
1757, 0.85
1758, 0.43
1759, 0.63
1760, 0.45
1761, 0.64
1762, 0.43
1763, 0.50
1764, 0.57
1765, 0.57
1766, 0.57
1767, 0.84
1768, 0.38
1769, 0.56
1770, 0.40
1771, 0.43
1772, 0.40
1773, 0.45
1774, 0.47
1775, 0.53
1776, 0.49
1777, 0.47
1778, 0.54
1779, 0.43
1780, 0.89
1781, 0.52
1782, 0.41
1783, 0.46
1784, 0.24
1785, 0.48
1786, 0.49
1787, 0.83
1788, 0.50
1789, 0.45
1790, 0.50
1791, 0.22
1792, 0.51
1793, 0.51
1794, 0.40
1795, 0.15
1796, 0.33
1797, 0.58
1798, 0.22
1799, 0.44
1800, 0.87
1801, 0.46
1802, 0.49
1803, 0.60
1804, 0.41
1805, 0.42
1806, 0.89
1807, 0.53
1808, 0.49
1809, 0.50
1810, 0.53
1811, 0.44
1812, 0.48
1813, 0.60
1814, 0.44
1815, 0.50
1816, 0.26
1817, 0.55
1818, 0.58
1819, 0.43
1820, 0.51
1821, 0.52
1822, 0.36
1823, 0.21
1824, 0.45
1825, 0.47
1826, 0.49
1827, 0.36
1828, 0.19
1829, 0.53
1830, 0.47
1831, 0.49
1832, 0.35
1833, 0.90
1834, 0.46
1835, 0.31
1836, 0.72
1837, 0.43
1838, 0.44
1839, 0.24
1840, 0.39
1841, 0.42
1842, 0.36
1843, 0.20
1844, 0.48
1845, 0.44
1846, 0.79
1847, 0.30
1848, 0.51
1849, 0.36
1850, 0.49
1851, 0.47
1852, 0.46
1853, 0.54
1854, 0.52
1855, 0.44
1856, 0.57
1857, 0.28
1858, 0.30
1859, 0.45
1860, 0.24
1861, 0.47
1862, 0.80
1863, 0.14
1864, 0.37
1865, 0.54
1866, 0.53
1867, 0.53
1868, 0.42
1869, 0.52
1870, 0.33
1871, 0.47
1872, 0.47
1873, 0.53
1874, 0.40
1875, 0.63
1876, 0.86
1877, 0.50
1878, 0.41
1879, 0.64
1880, 0.88
1881, 0.86
1882, 0.62
1883, 0.28
1884, 0.56
1885, 0.20
1886, 0.39
1887, 0.19
1888, 0.43
1889, 0.51
1890, 0.51
1891, 0.56
1892, 0.85
1893, 0.52
1894, 0.20
1895, 0.62
1896, 0.38
1897, 0.46
1898, 0.41
1899, 0.82
1900, 0.46
1901, 0.41
1902, 0.88
1903, 0.66
1904, 0.42
1905, 0.65
1906, 0.52
1907, 0.88
1908, 0.57
1909, 0.54
1910, 0.42
1911, 0.44
1912, 0.85
1913, 0.52
1914, 0.50
1915, 0.42
1916, 0.51
1917, 0.54
1918, 0.34
1919, 0.84
1920, 0.41
1921, 0.88
1922, 0.62
1923, 0.39
1924, 0.89
1925, 0.35
1926, 0.45
1927, 0.49
1928, 0.47
1929, 0.40
1930, 0.18
1931, 0.38
1932, 0.23
1933, 0.52
1934, 0.51
1935, 0.46
1936, 0.47
1937, 0.49
1938, 0.53
1939, 0.47
1940, 0.51
1941, 0.44
1942, 0.50
1943, 0.62
1944, 0.90
1945, 0.38
1946, 0.70
1947, 0.22
1948, 0.39
1949, 0.85
1950, 0.39
1951, 0.52
1952, 0.51
1953, 0.80
1954, 0.53
1955, 0.50
1956, 0.59
1957, 0.47
1958, 0.47
1959, 0.57
1960, 0.25
1961, 0.88
1962, 0.66
1963, 0.57
1964, 0.60
1965, 0.44
1966, 0.33
1967, 0.51
1968, 0.24
1969, 0.52
1970, 0.88
1971, 0.60
1972, 0.88
1973, 0.41
1974, 0.46
1975, 0.57
1976, 0.35
1977, 0.51
1978, 0.47
1979, 0.58
1980, 0.45
1981, 0.48
1982, 0.40
1983, 0.37
1984, 0.48
1985, 0.45
1986, 0.87
1987, 0.36
1988, 0.51
1989, 0.50
1990, 0.58
1991, 0.46
1992, 0.70
1993, 0.54
1994, 0.59
1995, 0.54
1996, 0.50
1997, 0.47
1998, 0.61
1999, 0.41
2000, 0.45
2001, 0.12
2002, 0.45
2003, 0.44
2004, 0.89
2005, 0.85
2006, 0.55
2007, 0.66
2008, 0.43
2009, 0.48
2010, 0.89
2011, 0.61
2012, 0.46
2013, 0.47
2014, 0.61
2015, 0.71
2016, 0.53
2017, 0.39
2018, 0.61
2019, 0.43
2020, 0.33
2021, 0.50
2022, 0.37
2023, 0.18
2024, 0.44
2025, 0.42
2026, 0.50
2027, 0.87
2028, 0.50
2029, 0.87
2030, 0.17
2031, 0.58
2032, 0.37
2033, 0.33
2034, 0.46
2035, 0.48
2036, 0.50
2037, 0.38
2038, 0.58
2039, 0.47
2040, 0.20
2041, 0.37
2042, 0.52
2043, 0.48
2044, 0.44
2045, 0.38
2046, 0.81
2047, 0.28
2048, 0.50
2049, 0.49
2050, 0.33
2051, 0.27
2052, 0.50
2053, 0.56
2054, 0.38
2055, 0.44
2056, 0.49
2057, 0.38
2058, 0.34
2059, 0.58
2060, 0.39
2061, 0.46
2062, 0.35
2063, 0.49
2064, 0.40
2065, 0.89
2066, 0.18
2067, 0.58
2068, 0.31
2069, 0.24
2070, 0.50
2071, 0.44
2072, 0.16
2073, 0.46
2074, 0.45
2075, 0.49
2076, 0.48
2077, 0.40
2078, 0.47
2079, 0.40
2080, 0.70
2081, 0.86
2082, 0.48
2083, 0.38
2084, 0.57
2085, 0.43
2086, 0.38
2087, 0.90
2088, 0.49
2089, 0.53
2090, 0.53
2091, 0.58
2092, 0.62
2093, 0.50
2094, 0.42
2095, 0.40
2096, 0.43
2097, 0.26
2098, 0.16
2099, 0.50
2100, 0.32
2101, 0.42
2102, 0.42
2103, 0.48
2104, 0.20
2105, 0.83
2106, 0.75
2107, 0.88
2108, 0.35
2109, 0.62
2110, 0.61
2111, 0.52
2112, 0.25
2113, 0.41
2114, 0.14
2115, 0.84
2116, 0.23
2117, 0.60
2118, 0.21
2119, 0.52
2120, 0.52
2121, 0.41
2122, 0.51
2123, 0.43
2124, 0.71
2125, 0.50
2126, 0.52
2127, 0.58
2128, 0.52
2129, 0.45
2130, 0.51
2131, 0.35
2132, 0.43
2133, 0.86
2134, 0.89
2135, 0.60
2136, 0.48
2137, 0.88
2138, 0.50
2139, 0.43
2140, 0.35
2141, 0.87
2142, 0.52
2143, 0.59
2144, 0.42
2145, 0.51
2146, 0.57
2147, 0.55
2148, 0.56
2149, 0.24
2150, 0.24
2151, 0.69
2152, 0.50
2153, 0.47
2154, 0.83
2155, 0.60
2156, 0.45
2157, 0.48
2158, 0.47
2159, 0.57
2160, 0.69
2161, 0.58
2162, 0.44
2163, 0.19
2164, 0.40
2165, 0.50
2166, 0.65
2167, 0.54
2168, 0.84
2169, 0.49
2170, 0.42
2171, 0.43
2172, 0.33
2173, 0.52
2174, 0.29
2175, 0.47
2176, 0.49
2177, 0.57
2178, 0.46
2179, 0.51
2180, 0.51
2181, 0.47
2182, 0.88
2183, 0.55
2184, 0.32
2185, 0.50
2186, 0.54
2187, 0.27
2188, 0.61
2189, 0.42
2190, 0.20
2191, 0.18
2192, 0.38
2193, 0.89
2194, 0.35
2195, 0.49
2196, 0.77
2197, 0.18
2198, 0.44
2199, 0.42
2200, 0.43
2201, 0.47
2202, 0.87
2203, 0.84
2204, 0.71
2205, 0.31
2206, 0.19
2207, 0.35
2208, 0.22
2209, 0.27
2210, 0.87
2211, 0.27
2212, 0.55
2213, 0.50
2214, 0.20
2215, 0.43
2216, 0.20
2217, 0.89
2218, 0.48
2219, 0.51
2220, 0.54
2221, 0.49
2222, 0.52
2223, 0.52
2224, 0.23
2225, 0.55
2226, 0.54
2227, 0.49
2228, 0.35
2229, 0.42
2230, 0.51
2231, 0.51
2232, 0.88
2233, 0.46
2234, 0.46
2235, 0.55
2236, 0.37
2237, 0.41
2238, 0.34
2239, 0.39
2240, 0.52
2241, 0.46
2242, 0.55
2243, 0.89
2244, 0.19
2245, 0.47
2246, 0.46
2247, 0.39
2248, 0.25
2249, 0.29
2250, 0.82
2251, 0.45
2252, 0.49
2253, 0.43
2254, 0.18
2255, 0.85
2256, 0.25
2257, 0.46
2258, 0.37
2259, 0.25
2260, 0.82
2261, 0.88
2262, 0.59
2263, 0.43
2264, 0.22
2265, 0.24
2266, 0.56
2267, 0.29
2268, 0.89
2269, 0.59
2270, 0.23
2271, 0.45
2272, 0.54
2273, 0.40
2274, 0.23
2275, 0.84
2276, 0.45
2277, 0.42
2278, 0.44
2279, 0.20
2280, 0.60
2281, 0.55
2282, 0.45
2283, 0.50
2284, 0.56
2285, 0.55
2286, 0.51
2287, 0.21
2288, 0.48
2289, 0.66
2290, 0.89
2291, 0.42
2292, 0.87
2293, 0.89
2294, 0.53
2295, 0.61
2296, 0.62
2297, 0.64
2298, 0.49
2299, 0.23
2300, 0.86
2301, 0.40
2302, 0.19
2303, 0.43
2304, 0.43
2305, 0.52
2306, 0.35
2307, 0.59
2308, 0.58
2309, 0.70
2310, 0.47
2311, 0.53
2312, 0.43
2313, 0.38
2314, 0.46
2315, 0.44
2316, 0.36
2317, 0.74
2318, 0.57
2319, 0.43
2320, 0.53
2321, 0.44
2322, 0.31
2323, 0.35
2324, 0.42
2325, 0.38
2326, 0.25
2327, 0.32
2328, 0.38
2329, 0.16
2330, 0.53
2331, 0.41
2332, 0.45
2333, 0.86
2334, 0.41
2335, 0.36
2336, 0.89
2337, 0.50
2338, 0.55
2339, 0.51
2340, 0.37
2341, 0.48
2342, 0.25
2343, 0.85
2344, 0.40
2345, 0.40
2346, 0.55
2347, 0.55
2348, 0.31
2349, 0.46
2350, 0.41
2351, 0.87
2352, 0.47
2353, 0.23
2354, 0.58
2355, 0.48
2356, 0.26
2357, 0.85
2358, 0.40
2359, 0.20
2360, 0.37
2361, 0.88
2362, 0.53
2363, 0.90
2364, 0.63
2365, 0.63
2366, 0.43
2367, 0.17
2368, 0.48
2369, 0.42
2370, 0.47
2371, 0.48
2372, 0.44
2373, 0.39
2374, 0.31
2375, 0.52
2376, 0.53
2377, 0.44
2378, 0.48
2379, 0.58
2380, 0.46
2381, 0.17
2382, 0.49
2383, 0.43
2384, 0.50
2385, 0.83
2386, 0.50
2387, 0.88
2388, 0.37
2389, 0.82
2390, 0.53
2391, 0.45
2392, 0.85
2393, 0.41
2394, 0.20
2395, 0.51
2396, 0.38
2397, 0.45
2398, 0.87
2399, 0.24
2400, 0.48
2401, 0.38
2402, 0.43
2403, 0.32
2404, 0.43
2405, 0.53
2406, 0.49
2407, 0.29
2408, 0.89
2409, 0.20
2410, 0.56
2411, 0.47
2412, 0.82
2413, 0.50
2414, 0.42
2415, 0.44
2416, 0.51
2417, 0.50
2418, 0.51
2419, 0.90
2420, 0.56
2421, 0.87
2422, 0.55
2423, 0.47
2424, 0.52
2425, 0.50
2426, 0.35
2427, 0.49
2428, 0.42
2429, 0.49
2430, 0.37
2431, 0.56
2432, 0.64
2433, 0.88
2434, 0.43
2435, 0.48
2436, 0.21
2437, 0.41
2438, 0.36
2439, 0.36
2440, 0.29
2441, 0.18
2442, 0.50
2443, 0.54
2444, 0.30
2445, 0.36
2446, 0.25
2447, 0.49
2448, 0.50
2449, 0.70
2450, 0.47
2451, 0.36
2452, 0.43
2453, 0.44
2454, 0.36
2455, 0.53
2456, 0.83
2457, 0.59
2458, 0.43
2459, 0.45
2460, 0.83
2461, 0.90
2462, 0.42
2463, 0.83
2464, 0.49
2465, 0.48
2466, 0.25
2467, 0.76
2468, 0.49
2469, 0.22
2470, 0.49
2471, 0.42
2472, 0.21
2473, 0.48
2474, 0.45
2475, 0.51
2476, 0.66
2477, 0.50
2478, 0.24
2479, 0.84
2480, 0.52
2481, 0.45
2482, 0.85
2483, 0.49
2484, 0.61
2485, 0.28
2486, 0.57
2487, 0.58
2488, 0.54
2489, 0.47
2490, 0.46
2491, 0.45
2492, 0.39
2493, 0.50
2494, 0.60
2495, 0.30
2496, 0.47
2497, 0.43
2498, 0.84
2499, 0.38
2500, 0.56
2501, 0.37
2502, 0.23
2503, 0.24
2504, 0.45
2505, 0.58
2506, 0.46
2507, 0.50
2508, 0.45
2509, 0.20
2510, 0.51
2511, 0.47
2512, 0.42
2513, 0.89
2514, 0.89
2515, 0.63
2516, 0.88
2517, 0.26
2518, 0.45
2519, 0.23
2520, 0.50
2521, 0.39
2522, 0.53
2523, 0.54
2524, 0.42
2525, 0.53
2526, 0.20
2527, 0.55
2528, 0.47
2529, 0.57
2530, 0.61
2531, 0.50
2532, 0.50
2533, 0.42
2534, 0.46
2535, 0.18
2536, 0.45
2537, 0.58
2538, 0.51
2539, 0.52
2540, 0.42
2541, 0.87
2542, 0.21
2543, 0.65
2544, 0.49
2545, 0.53
2546, 0.17
2547, 0.50
2548, 0.52
2549, 0.41
2550, 0.87
2551, 0.50
2552, 0.56
2553, 0.83
2554, 0.47
2555, 0.51
2556, 0.26
2557, 0.45
2558, 0.45
2559, 0.42
2560, 0.42
2561, 0.19
2562, 0.86
2563, 0.87
2564, 0.33
2565, 0.44
2566, 0.47
2567, 0.52
2568, 0.49
2569, 0.86
2570, 0.41
2571, 0.24
2572, 0.57
2573, 0.88
2574, 0.45
2575, 0.47
2576, 0.74
2577, 0.23
2578, 0.54
2579, 0.49
2580, 0.42
2581, 0.50
2582, 0.44
2583, 0.53
2584, 0.37
2585, 0.47
2586, 0.53
2587, 0.51
2588, 0.19
2589, 0.54
2590, 0.39
2591, 0.50
2592, 0.60
2593, 0.44
2594, 0.48
2595, 0.62
2596, 0.27
2597, 0.46
2598, 0.39
2599, 0.37
2600, 0.53
2601, 0.40
2602, 0.48
2603, 0.52
2604, 0.38
2605, 0.42
2606, 0.85
2607, 0.50
2608, 0.48
2609, 0.51
2610, 0.22
2611, 0.30
2612, 0.47
2613, 0.58
2614, 0.20
2615, 0.61
2616, 0.55
2617, 0.86
2618, 0.55
2619, 0.21
2620, 0.53
2621, 0.40
2622, 0.84
2623, 0.48
2624, 0.38
2625, 0.38
2626, 0.85
2627, 0.90
2628, 0.68
2629, 0.44
2630, 0.56
2631, 0.47
2632, 0.50
2633, 0.87
2634, 0.53
2635, 0.30
2636, 0.42
2637, 0.22
2638, 0.23
2639, 0.49
2640, 0.54
2641, 0.50
2642, 0.49
2643, 0.48
2644, 0.41
2645, 0.52
2646, 0.25
2647, 0.48
2648, 0.55
2649, 0.52
2650, 0.50
2651, 0.42
2652, 0.49
2653, 0.15
2654, 0.64
2655, 0.56
2656, 0.56
2657, 0.90
2658, 0.60
2659, 0.28
2660, 0.56
2661, 0.49
2662, 0.89
2663, 0.50
2664, 0.40
2665, 0.58
2666, 0.53
2667, 0.36
2668, 0.59
2669, 0.15
2670, 0.48
2671, 0.89
2672, 0.39
2673, 0.49
2674, 0.52
2675, 0.15
2676, 0.29
2677, 0.43
2678, 0.86
2679, 0.50
2680, 0.47
2681, 0.85
2682, 0.58
2683, 0.82
2684, 0.53
2685, 0.25
2686, 0.65
2687, 0.56
2688, 0.38
2689, 0.54
2690, 0.37
2691, 0.36
2692, 0.54
2693, 0.18
2694, 0.48
2695, 0.40
2696, 0.41
2697, 0.48
2698, 0.52
2699, 0.60
2700, 0.50
2701, 0.39
2702, 0.46
2703, 0.50
2704, 0.34
2705, 0.49
2706, 0.89
2707, 0.42
2708, 0.55
2709, 0.66
2710, 0.70
2711, 0.40
2712, 0.85
2713, 0.58
2714, 0.40
2715, 0.23
2716, 0.39
2717, 0.20
2718, 0.62
2719, 0.53
2720, 0.53
2721, 0.85
2722, 0.49
2723, 0.68
2724, 0.59
2725, 0.19
2726, 0.51
2727, 0.53
2728, 0.50
2729, 0.43
2730, 0.51
2731, 0.46
2732, 0.68
2733, 0.25
2734, 0.37
2735, 0.44
2736, 0.52
2737, 0.44
2738, 0.55
2739, 0.49
2740, 0.43
2741, 0.80
2742, 0.58
2743, 0.85
2744, 0.17
2745, 0.51
2746, 0.39
2747, 0.36
2748, 0.59
2749, 0.37
2750, 0.51
2751, 0.45
2752, 0.28
2753, 0.64
2754, 0.80
2755, 0.88
2756, 0.24
2757, 0.45
2758, 0.90
2759, 0.50
2760, 0.47
2761, 0.23
2762, 0.49
2763, 0.39
2764, 0.50
2765, 0.56
2766, 0.49
2767, 0.48
2768, 0.44
2769, 0.42
2770, 0.43
2771, 0.45
2772, 0.39
2773, 0.54
2774, 0.47
2775, 0.27
2776, 0.84
2777, 0.85
2778, 0.50
2779, 0.20
2780, 0.48
2781, 0.62
2782, 0.23
2783, 0.55
2784, 0.83
2785, 0.41
2786, 0.89
2787, 0.63
2788, 0.26
2789, 0.41
2790, 0.42
2791, 0.49
2792, 0.89
2793, 0.48
2794, 0.44
2795, 0.65
2796, 0.46
2797, 0.43
2798, 0.58
2799, 0.52
2800, 0.22
2801, 0.20
2802, 0.40
2803, 0.51
2804, 0.18
2805, 0.39
2806, 0.21
2807, 0.45
2808, 0.57
2809, 0.45
2810, 0.33
2811, 0.23
2812, 0.40
2813, 0.44
2814, 0.51
2815, 0.47
2816, 0.48
2817, 0.19
2818, 0.35
2819, 0.45
2820, 0.88
2821, 0.45
2822, 0.52
2823, 0.17
2824, 0.61
2825, 0.23
2826, 0.89
2827, 0.40
2828, 0.44
2829, 0.48
2830, 0.44
2831, 0.60
2832, 0.49
2833, 0.44
2834, 0.89
2835, 0.52
2836, 0.28
2837, 0.83
2838, 0.46
2839, 0.48
2840, 0.52
2841, 0.27
2842, 0.50
2843, 0.53
2844, 0.35
2845, 0.47
2846, 0.43
2847, 0.47
2848, 0.56
2849, 0.64
2850, 0.50
2851, 0.54
2852, 0.19
2853, 0.64
2854, 0.49
2855, 0.47
2856, 0.22
2857, 0.87
2858, 0.43
2859, 0.46
2860, 0.44
2861, 0.42
2862, 0.47
2863, 0.53
2864, 0.58
2865, 0.55
2866, 0.46
2867, 0.40
2868, 0.51
2869, 0.49
2870, 0.51
2871, 0.17
2872, 0.43
2873, 0.51
2874, 0.44
2875, 0.50
2876, 0.22
2877, 0.41
2878, 0.55
2879, 0.51
2880, 0.85
2881, 0.50
2882, 0.87
2883, 0.87
2884, 0.86
2885, 0.38
2886, 0.47
2887, 0.61
2888, 0.44
2889, 0.57
2890, 0.48
2891, 0.57
2892, 0.48
2893, 0.53
2894, 0.45
2895, 0.60
2896, 0.88
2897, 0.20
2898, 0.88
2899, 0.45
2900, 0.43
2901, 0.41
2902, 0.88
2903, 0.88
2904, 0.23
2905, 0.44
2906, 0.52
2907, 0.55
2908, 0.52
2909, 0.24
2910, 0.89
2911, 0.51
2912, 0.33
2913, 0.48
2914, 0.41
2915, 0.84
2916, 0.40
2917, 0.22
2918, 0.64
2919, 0.44
2920, 0.38
2921, 0.88
2922, 0.49
2923, 0.45
2924, 0.47
2925, 0.50
2926, 0.39
2927, 0.55
2928, 0.50
2929, 0.49
2930, 0.45
2931, 0.50
2932, 0.44
2933, 0.48
2934, 0.52
2935, 0.49
2936, 0.53
2937, 0.44
2938, 0.79
2939, 0.21
2940, 0.46
2941, 0.33
2942, 0.48
2943, 0.69
2944, 0.49
2945, 0.19
2946, 0.56
2947, 0.46
2948, 0.89
2949, 0.89
2950, 0.18
2951, 0.48
2952, 0.63
2953, 0.45
2954, 0.89
2955, 0.45
2956, 0.42
2957, 0.84
2958, 0.32
2959, 0.22
2960, 0.53
2961, 0.47
2962, 0.46
2963, 0.49
2964, 0.52
2965, 0.39
2966, 0.46
2967, 0.46
2968, 0.25
2969, 0.56
2970, 0.17
2971, 0.55
2972, 0.20
2973, 0.89
2974, 0.73
2975, 0.23
2976, 0.61
2977, 0.44
2978, 0.44
2979, 0.35
2980, 0.49
2981, 0.53
2982, 0.40
2983, 0.32
2984, 0.38
2985, 0.62
2986, 0.60
2987, 0.16
2988, 0.47
2989, 0.31
2990, 0.51
2991, 0.52
2992, 0.83
2993, 0.46
2994, 0.48
2995, 0.55
2996, 0.35
2997, 0.62
2998, 0.43
2999, 0.55
3000, 0.20
3001, 0.45
3002, 0.52
3003, 0.88
3004, 0.83
3005, 0.41
3006, 0.35
3007, 0.52
3008, 0.38
3009, 0.39
3010, 0.54
3011, 0.41
3012, 0.48
3013, 0.52
3014, 0.48
3015, 0.49
3016, 0.37
3017, 0.55
3018, 0.52
3019, 0.51
3020, 0.52
3021, 0.56
3022, 0.49
3023, 0.63
3024, 0.52
3025, 0.44
3026, 0.44
3027, 0.48
3028, 0.47
3029, 0.35
3030, 0.45
3031, 0.84
3032, 0.53
3033, 0.51
3034, 0.41
3035, 0.56
3036, 0.53
3037, 0.34
3038, 0.46
3039, 0.55
3040, 0.63
3041, 0.19
3042, 0.34
3043, 0.38
3044, 0.59
3045, 0.70
3046, 0.58
3047, 0.21
3048, 0.33
3049, 0.36
3050, 0.24
3051, 0.56
3052, 0.59
3053, 0.40
3054, 0.16
3055, 0.46
3056, 0.49
3057, 0.50
3058, 0.65
3059, 0.38
3060, 0.47
3061, 0.51
3062, 0.39
3063, 0.35
3064, 0.20
3065, 0.52
3066, 0.50
3067, 0.51
3068, 0.45
3069, 0.50
3070, 0.60
3071, 0.31
3072, 0.70
3073, 0.46
3074, 0.42
3075, 0.29
3076, 0.41
3077, 0.20
3078, 0.50
3079, 0.44
3080, 0.56
3081, 0.88
3082, 0.90
3083, 0.44
3084, 0.50
3085, 0.40
3086, 0.50
3087, 0.50
3088, 0.52
3089, 0.88
3090, 0.55
3091, 0.43
3092, 0.20
3093, 0.51
3094, 0.86
3095, 0.56
3096, 0.39
3097, 0.42
3098, 0.51
3099, 0.47
3100, 0.88
3101, 0.44
3102, 0.26
3103, 0.41
3104, 0.17
3105, 0.37
3106, 0.41
3107, 0.45
3108, 0.42
3109, 0.28
3110, 0.90
3111, 0.55
3112, 0.48
3113, 0.57
3114, 0.37
3115, 0.51
3116, 0.33
3117, 0.47
3118, 0.41
3119, 0.52
3120, 0.45
3121, 0.45
3122, 0.32
3123, 0.54
3124, 0.88
3125, 0.51
3126, 0.50
3127, 0.51
3128, 0.33
3129, 0.51
3130, 0.83
3131, 0.41
3132, 0.53
3133, 0.71
3134, 0.52
3135, 0.63
3136, 0.43
3137, 0.47
3138, 0.54
3139, 0.37
3140, 0.38
3141, 0.50
3142, 0.84
3143, 0.51
3144, 0.55
3145, 0.18
3146, 0.47
3147, 0.37
3148, 0.52
3149, 0.51
3150, 0.50
3151, 0.52
3152, 0.55
3153, 0.35
3154, 0.83
3155, 0.38
3156, 0.50
3157, 0.59
3158, 0.50
3159, 0.87
3160, 0.88
3161, 0.38
3162, 0.59
3163, 0.46
3164, 0.87
3165, 0.55
3166, 0.58
3167, 0.17
3168, 0.61
3169, 0.51
3170, 0.54
3171, 0.40
3172, 0.54
3173, 0.89
3174, 0.47
3175, 0.51
3176, 0.58
3177, 0.38
3178, 0.47
3179, 0.20
3180, 0.23
3181, 0.46
3182, 0.61
3183, 0.52
3184, 0.50
3185, 0.34
3186, 0.18
3187, 0.43
3188, 0.45
3189, 0.48
3190, 0.52
3191, 0.86
3192, 0.49
3193, 0.38
3194, 0.89
3195, 0.19
3196, 0.35
3197, 0.50
3198, 0.45
3199, 0.41
3200, 0.54
3201, 0.54
3202, 0.44
3203, 0.58
3204, 0.88
3205, 0.42
3206, 0.50
3207, 0.88
3208, 0.35
3209, 0.51
3210, 0.40
3211, 0.89
3212, 0.84
3213, 0.21
3214, 0.33
3215, 0.87
3216, 0.19
3217, 0.48
3218, 0.63
3219, 0.50
3220, 0.47
3221, 0.44
3222, 0.87
3223, 0.57
3224, 0.43
3225, 0.52
3226, 0.49
3227, 0.49
3228, 0.35
3229, 0.51
3230, 0.41
3231, 0.40
3232, 0.88
3233, 0.43
3234, 0.47
3235, 0.25
3236, 0.51
3237, 0.61
3238, 0.50
3239, 0.64
3240, 0.35
3241, 0.42
3242, 0.39
3243, 0.41
3244, 0.50
3245, 0.45
3246, 0.51
3247, 0.87
3248, 0.48
3249, 0.53
3250, 0.19
3251, 0.47
3252, 0.88
3253, 0.55
3254, 0.90
3255, 0.55
3256, 0.42
3257, 0.52
3258, 0.84
3259, 0.47
3260, 0.16
3261, 0.21
3262, 0.43
3263, 0.56
3264, 0.32
3265, 0.63
3266, 0.58
3267, 0.18
3268, 0.54
3269, 0.60
3270, 0.58
3271, 0.37
3272, 0.39
3273, 0.48
3274, 0.88
3275, 0.81
3276, 0.22
3277, 0.45
3278, 0.33
3279, 0.81
3280, 0.59
3281, 0.44
3282, 0.54
3283, 0.20
3284, 0.49
3285, 0.47
3286, 0.89
3287, 0.52
3288, 0.47
3289, 0.42
3290, 0.24
3291, 0.81
3292, 0.90
3293, 0.60
3294, 0.44
3295, 0.27
3296, 0.48
3297, 0.44
3298, 0.49
3299, 0.45
3300, 0.45
3301, 0.52
3302, 0.39
3303, 0.39
3304, 0.52
3305, 0.21
3306, 0.39
3307, 0.51
3308, 0.36
3309, 0.49
3310, 0.89
3311, 0.44
3312, 0.56
3313, 0.90
3314, 0.64
3315, 0.28
3316, 0.47
3317, 0.52
3318, 0.60
3319, 0.27
3320, 0.37
3321, 0.47
3322, 0.47
3323, 0.51
3324, 0.46
3325, 0.35
3326, 0.26
3327, 0.20
3328, 0.53
3329, 0.21
3330, 0.46
3331, 0.52
3332, 0.50
3333, 0.44
3334, 0.50
3335, 0.83
3336, 0.20
3337, 0.42
3338, 0.23
3339, 0.64
3340, 0.85
3341, 0.49
3342, 0.83
3343, 0.17
3344, 0.41
3345, 0.63
3346, 0.56
3347, 0.43
3348, 0.35
3349, 0.59
3350, 0.38
3351, 0.44
3352, 0.18
3353, 0.37
3354, 0.42
3355, 0.20
3356, 0.72
3357, 0.67
3358, 0.13
3359, 0.43
3360, 0.52
3361, 0.66
3362, 0.44
3363, 0.44
3364, 0.52
3365, 0.51
3366, 0.48
3367, 0.46
3368, 0.24
3369, 0.52
3370, 0.48
3371, 0.24
3372, 0.43
3373, 0.48
3374, 0.55
3375, 0.46
3376, 0.35
3377, 0.83
3378, 0.36
3379, 0.39
3380, 0.26
3381, 0.22
3382, 0.24
3383, 0.39
3384, 0.19
3385, 0.50
3386, 0.86
3387, 0.50
3388, 0.42
3389, 0.49
3390, 0.55
3391, 0.44
3392, 0.56
3393, 0.21
3394, 0.40
3395, 0.48
3396, 0.88
3397, 0.42
3398, 0.38
3399, 0.57
3400, 0.90
3401, 0.46
3402, 0.66
3403, 0.47
3404, 0.48
3405, 0.41
3406, 0.46
3407, 0.32
3408, 0.34
3409, 0.21
3410, 0.44
3411, 0.45
3412, 0.78
3413, 0.54
3414, 0.90
3415, 0.49
3416, 0.21
3417, 0.87
3418, 0.41
3419, 0.20
3420, 0.21
3421, 0.16
3422, 0.61
3423, 0.24
3424, 0.46
3425, 0.88
3426, 0.60
3427, 0.49
3428, 0.48
3429, 0.59
3430, 0.51
3431, 0.86
3432, 0.25
3433, 0.50
3434, 0.42
3435, 0.49
3436, 0.50
3437, 0.89
3438, 0.19
3439, 0.22
3440, 0.23
3441, 0.42
3442, 0.19
3443, 0.34
3444, 0.38
3445, 0.46
3446, 0.59
3447, 0.60
3448, 0.43
3449, 0.68
3450, 0.18
3451, 0.55
3452, 0.55
3453, 0.47
3454, 0.89
3455, 0.20
3456, 0.18
3457, 0.85
3458, 0.51
3459, 0.48
3460, 0.58
3461, 0.23
3462, 0.81
3463, 0.88
3464, 0.45
3465, 0.17
3466, 0.46
3467, 0.42
3468, 0.23
3469, 0.52
3470, 0.18
3471, 0.51
3472, 0.42
3473, 0.42
3474, 0.47
3475, 0.63
3476, 0.59
3477, 0.39
3478, 0.52
3479, 0.60
3480, 0.54
3481, 0.36
3482, 0.40
3483, 0.56
3484, 0.25
3485, 0.87
3486, 0.61
3487, 0.52
3488, 0.40
3489, 0.52
3490, 0.75
3491, 0.46
3492, 0.85
3493, 0.43
3494, 0.39
3495, 0.48
3496, 0.25
3497, 0.45
3498, 0.47
3499, 0.49
3500, 0.24
3501, 0.46
3502, 0.46
3503, 0.33
3504, 0.23
3505, 0.62
3506, 0.21
3507, 0.45
3508, 0.49
3509, 0.55
3510, 0.50
3511, 0.50
3512, 0.39
3513, 0.50
3514, 0.58
3515, 0.27
3516, 0.80
3517, 0.45
3518, 0.20
3519, 0.47
3520, 0.51
3521, 0.58
3522, 0.22
3523, 0.47
3524, 0.48
3525, 0.86
3526, 0.43
3527, 0.46
3528, 0.83
3529, 0.40
3530, 0.50
3531, 0.39
3532, 0.46
3533, 0.61
3534, 0.42
3535, 0.51
3536, 0.38
3537, 0.54
3538, 0.47
3539, 0.46
3540, 0.51
3541, 0.87
3542, 0.23
3543, 0.54
3544, 0.23
3545, 0.41
3546, 0.52
3547, 0.52
3548, 0.39
3549, 0.42
3550, 0.46
3551, 0.48
3552, 0.49
3553, 0.50
3554, 0.88
3555, 0.32
3556, 0.53
3557, 0.27
3558, 0.43
3559, 0.50
3560, 0.24
3561, 0.87
3562, 0.36
3563, 0.14
3564, 0.23
3565, 0.24
3566, 0.51
3567, 0.48
3568, 0.18
3569, 0.88
3570, 0.44
3571, 0.57
3572, 0.17
3573, 0.57
3574, 0.88
3575, 0.37
3576, 0.36
3577, 0.35
3578, 0.40
3579, 0.28
3580, 0.36
3581, 0.63
3582, 0.41
3583, 0.52
3584, 0.52
3585, 0.46
3586, 0.90
3587, 0.28
3588, 0.50
3589, 0.55
3590, 0.37
3591, 0.51
3592, 0.62
3593, 0.37
3594, 0.21
3595, 0.85
3596, 0.24
3597, 0.21
3598, 0.40
3599, 0.54
3600, 0.22
3601, 0.40
3602, 0.15
3603, 0.88
3604, 0.42
3605, 0.41
3606, 0.53
3607, 0.17
3608, 0.42
3609, 0.59
3610, 0.48
3611, 0.55
3612, 0.61
3613, 0.33
3614, 0.53
3615, 0.23
3616, 0.88
3617, 0.53
3618, 0.47
3619, 0.24
3620, 0.42
3621, 0.19
3622, 0.38
3623, 0.88
3624, 0.48
3625, 0.87
3626, 0.41
3627, 0.36
3628, 0.41
3629, 0.43
3630, 0.50
3631, 0.87
3632, 0.52
3633, 0.21
3634, 0.50
3635, 0.49
3636, 0.56
3637, 0.44
3638, 0.48
3639, 0.33
3640, 0.48
3641, 0.58
3642, 0.57
3643, 0.86
3644, 0.83
3645, 0.42
3646, 0.89
3647, 0.52
3648, 0.43
3649, 0.50
3650, 0.25
3651, 0.36
3652, 0.43
3653, 0.89
3654, 0.53
3655, 0.86
3656, 0.22
3657, 0.20
3658, 0.61
3659, 0.55
3660, 0.90
3661, 0.61
3662, 0.42
3663, 0.54
3664, 0.42
3665, 0.45
3666, 0.53
3667, 0.57
3668, 0.51
3669, 0.49
3670, 0.27
3671, 0.49
3672, 0.45
3673, 0.51
3674, 0.51
3675, 0.62
3676, 0.24
3677, 0.50
3678, 0.59
3679, 0.55
3680, 0.51
3681, 0.64
3682, 0.18
3683, 0.41
3684, 0.54
3685, 0.55
3686, 0.49
3687, 0.37
3688, 0.43
3689, 0.45
3690, 0.26
3691, 0.22
3692, 0.44
3693, 0.38
3694, 0.88
3695, 0.55
3696, 0.53
3697, 0.58
3698, 0.44
3699, 0.31
3700, 0.86
3701, 0.42
3702, 0.49
3703, 0.41
3704, 0.45
3705, 0.85
3706, 0.48
3707, 0.49
3708, 0.46
3709, 0.42
3710, 0.18
3711, 0.53
3712, 0.41
3713, 0.46
3714, 0.46
3715, 0.51
3716, 0.49
3717, 0.84
3718, 0.19
3719, 0.47
3720, 0.30
3721, 0.87
3722, 0.54
3723, 0.56
3724, 0.55
3725, 0.27
3726, 0.32
3727, 0.89
3728, 0.54
3729, 0.49
3730, 0.50
3731, 0.46
3732, 0.58
3733, 0.47
3734, 0.42
3735, 0.45
3736, 0.49
3737, 0.53
3738, 0.45
3739, 0.54
3740, 0.65
3741, 0.41
3742, 0.40
3743, 0.53
3744, 0.48
3745, 0.84
3746, 0.55
3747, 0.90
3748, 0.32
3749, 0.55
3750, 0.63
3751, 0.45
3752, 0.59
3753, 0.59
3754, 0.88
3755, 0.45
3756, 0.33
3757, 0.51
3758, 0.88
3759, 0.33
3760, 0.17
3761, 0.16
3762, 0.57
3763, 0.76
3764, 0.26
3765, 0.57
3766, 0.39
3767, 0.39
3768, 0.38
3769, 0.89
3770, 0.44
3771, 0.35
3772, 0.42
3773, 0.53
3774, 0.47
3775, 0.53
3776, 0.46
3777, 0.50
3778, 0.36
3779, 0.57
3780, 0.53
3781, 0.62
3782, 0.69
3783, 0.55
3784, 0.40
3785, 0.47
3786, 0.62
3787, 0.61
3788, 0.45
3789, 0.37
3790, 0.46
3791, 0.44
3792, 0.46
3793, 0.54
3794, 0.45
3795, 0.50
3796, 0.53
3797, 0.57
3798, 0.88
3799, 0.37
3800, 0.86
3801, 0.48
3802, 0.46
3803, 0.85
3804, 0.58
3805, 0.42
3806, 0.38
3807, 0.50
3808, 0.57
3809, 0.62
3810, 0.21
3811, 0.38
3812, 0.24
3813, 0.42
3814, 0.49
3815, 0.86
3816, 0.24
3817, 0.24
3818, 0.20
3819, 0.43
3820, 0.45
3821, 0.49
3822, 0.40
3823, 0.56
3824, 0.43
3825, 0.22
3826, 0.44
3827, 0.43
3828, 0.88
3829, 0.37
3830, 0.42
3831, 0.44
3832, 0.22
3833, 0.55
3834, 0.73
3835, 0.16
3836, 0.88
3837, 0.52
3838, 0.27
3839, 0.43
3840, 0.22
3841, 0.27
3842, 0.53
3843, 0.88
3844, 0.22
3845, 0.28
3846, 0.40
3847, 0.53
3848, 0.42
3849, 0.55
3850, 0.56
3851, 0.44
3852, 0.51
3853, 0.45
3854, 0.43
3855, 0.84
3856, 0.51
3857, 0.89
3858, 0.63
3859, 0.53
3860, 0.50
3861, 0.89
3862, 0.18
3863, 0.58
3864, 0.18
3865, 0.47
3866, 0.41
3867, 0.61
3868, 0.22
3869, 0.46
3870, 0.51
3871, 0.37
3872, 0.46
3873, 0.88
3874, 0.52
3875, 0.90
3876, 0.49
3877, 0.48
3878, 0.50
3879, 0.38
3880, 0.60
3881, 0.43
3882, 0.50
3883, 0.48
3884, 0.47
3885, 0.38
3886, 0.21
3887, 0.29
3888, 0.52
3889, 0.52
3890, 0.43
3891, 0.50
3892, 0.22
3893, 0.32
3894, 0.38
3895, 0.47
3896, 0.49
3897, 0.41
3898, 0.60
3899, 0.39
3900, 0.44
3901, 0.57
3902, 0.52
3903, 0.41
3904, 0.86
3905, 0.57
3906, 0.42
3907, 0.66
3908, 0.90
3909, 0.53
3910, 0.44
3911, 0.36
3912, 0.43
3913, 0.47
3914, 0.39
3915, 0.50
3916, 0.17
3917, 0.35
3918, 0.56
3919, 0.49
3920, 0.51
3921, 0.43
3922, 0.50
3923, 0.41
3924, 0.83
3925, 0.49
3926, 0.33
3927, 0.46
3928, 0.87
3929, 0.87
3930, 0.39
3931, 0.54
3932, 0.62
3933, 0.43
3934, 0.45
3935, 0.53
3936, 0.56
3937, 0.30
3938, 0.46
3939, 0.49
3940, 0.53
3941, 0.53
3942, 0.28
3943, 0.46
3944, 0.89
3945, 0.47
3946, 0.42
3947, 0.42
3948, 0.19
3949, 0.83
3950, 0.55
3951, 0.51
3952, 0.89
3953, 0.35
3954, 0.55
3955, 0.24
3956, 0.30
3957, 0.45
3958, 0.44
3959, 0.88
3960, 0.22
3961, 0.61
3962, 0.42
3963, 0.60
3964, 0.46
3965, 0.84
3966, 0.45
3967, 0.47
3968, 0.46
3969, 0.46
3970, 0.44
3971, 0.40
3972, 0.59
3973, 0.40
3974, 0.39
3975, 0.40
3976, 0.51
3977, 0.72
3978, 0.89
3979, 0.38
3980, 0.36
3981, 0.48
3982, 0.40
3983, 0.89
3984, 0.52
3985, 0.63
3986, 0.35
3987, 0.21
3988, 0.87
3989, 0.50
3990, 0.42
3991, 0.45
3992, 0.52
3993, 0.47
3994, 0.53
3995, 0.41
3996, 0.16
3997, 0.45
3998, 0.47
3999, 0.42
4000, 0.47
4001, 0.40
4002, 0.56
4003, 0.88
4004, 0.58
4005, 0.56
4006, 0.22
4007, 0.50
4008, 0.54
4009, 0.66
4010, 0.37
4011, 0.85
4012, 0.44
4013, 0.51
4014, 0.30
4015, 0.70
4016, 0.21
4017, 0.19
4018, 0.52
4019, 0.55
4020, 0.49
4021, 0.49
4022, 0.67
4023, 0.53
4024, 0.42
4025, 0.74
4026, 0.52
4027, 0.53
4028, 0.58
4029, 0.89
4030, 0.53
4031, 0.22
4032, 0.46
4033, 0.51
4034, 0.44
4035, 0.43
4036, 0.62
4037, 0.40
4038, 0.55
4039, 0.84
4040, 0.59
4041, 0.53
4042, 0.45
4043, 0.53
4044, 0.50
4045, 0.35
4046, 0.67
4047, 0.35
4048, 0.50
4049, 0.48
4050, 0.55
4051, 0.43
4052, 0.37
4053, 0.28
4054, 0.44
4055, 0.35
4056, 0.56
4057, 0.63
4058, 0.88
4059, 0.47
4060, 0.52
4061, 0.22
4062, 0.41
4063, 0.29
4064, 0.43
4065, 0.51
4066, 0.88
4067, 0.36
4068, 0.89
4069, 0.66
4070, 0.22
4071, 0.89
4072, 0.45
4073, 0.87
4074, 0.50
4075, 0.54
4076, 0.41
4077, 0.44
4078, 0.88
4079, 0.48
4080, 0.47
4081, 0.65
4082, 0.63
4083, 0.57
4084, 0.60
4085, 0.54
4086, 0.44
4087, 0.87
4088, 0.41
4089, 0.52
4090, 0.87
4091, 0.89
4092, 0.89
4093, 0.52
4094, 0.54
4095, 0.42
4096, 0.57
4097, 0.41
4098, 0.24
4099, 0.38
4100, 0.25
4101, 0.25
4102, 0.56
4103, 0.45
4104, 0.21
4105, 0.36
4106, 0.70
4107, 0.47
4108, 0.89
4109, 0.20
4110, 0.88
4111, 0.85
4112, 0.84
4113, 0.53
4114, 0.39
4115, 0.51
4116, 0.45
4117, 0.52
4118, 0.44
4119, 0.40
4120, 0.61
4121, 0.50
4122, 0.31
4123, 0.20
4124, 0.53
4125, 0.45
4126, 0.37
4127, 0.28
4128, 0.50
4129, 0.62
4130, 0.65
4131, 0.47
4132, 0.55
4133, 0.88
4134, 0.52
4135, 0.48
4136, 0.53
4137, 0.55
4138, 0.57
4139, 0.53
4140, 0.44
4141, 0.85
4142, 0.24
4143, 0.45
4144, 0.27
4145, 0.48
4146, 0.88
4147, 0.46
4148, 0.28
4149, 0.20
4150, 0.53
4151, 0.58
4152, 0.50
4153, 0.58
4154, 0.55
4155, 0.89
4156, 0.34
4157, 0.65
4158, 0.53
4159, 0.50
4160, 0.35
4161, 0.23
4162, 0.23
4163, 0.43
4164, 0.40
4165, 0.89
4166, 0.59
4167, 0.41
4168, 0.45
4169, 0.52
4170, 0.57
4171, 0.51
4172, 0.52
4173, 0.47
4174, 0.19
4175, 0.18
4176, 0.87
4177, 0.88
4178, 0.54
4179, 0.88
4180, 0.47
4181, 0.44
4182, 0.47
4183, 0.49
4184, 0.48
4185, 0.44
4186, 0.54
4187, 0.49
4188, 0.83
4189, 0.50
4190, 0.35
4191, 0.60
4192, 0.44
4193, 0.88
4194, 0.53
4195, 0.38
4196, 0.53
4197, 0.44
4198, 0.47
4199, 0.47
4200, 0.50
4201, 0.20
4202, 0.48
4203, 0.46
4204, 0.41
4205, 0.16
4206, 0.53
4207, 0.27
4208, 0.65
4209, 0.26
4210, 0.45
4211, 0.44
4212, 0.42
4213, 0.89
4214, 0.28
4215, 0.50
4216, 0.89
4217, 0.22
4218, 0.58
4219, 0.87
4220, 0.42
4221, 0.53
4222, 0.51
4223, 0.26
4224, 0.42
4225, 0.39
4226, 0.21
4227, 0.42
4228, 0.53
4229, 0.45
4230, 0.49
4231, 0.56
4232, 0.82
4233, 0.53
4234, 0.47
4235, 0.45
4236, 0.46
4237, 0.44
4238, 0.41
4239, 0.89
4240, 0.52
4241, 0.53
4242, 0.89
4243, 0.49
4244, 0.50
4245, 0.39
4246, 0.28
4247, 0.88
4248, 0.59
4249, 0.51
4250, 0.22
4251, 0.57
4252, 0.88
4253, 0.42
4254, 0.57
4255, 0.65
4256, 0.58
4257, 0.26
4258, 0.48
4259, 0.43
4260, 0.89
4261, 0.83
4262, 0.48
4263, 0.36
4264, 0.38
4265, 0.36
4266, 0.88
4267, 0.40
4268, 0.89
4269, 0.48
4270, 0.51
4271, 0.20
4272, 0.18
4273, 0.49
4274, 0.38
4275, 0.51
4276, 0.60
4277, 0.18
4278, 0.41
4279, 0.47
4280, 0.45
4281, 0.41
4282, 0.81
4283, 0.43
4284, 0.47
4285, 0.89
4286, 0.47
4287, 0.39
4288, 0.59
4289, 0.50
4290, 0.36
4291, 0.35
4292, 0.50
4293, 0.48
4294, 0.61
4295, 0.64
4296, 0.62
4297, 0.44
4298, 0.27
4299, 0.48
4300, 0.37
4301, 0.51
4302, 0.49
4303, 0.60
4304, 0.51
4305, 0.89
4306, 0.61
4307, 0.44
4308, 0.23
4309, 0.39
4310, 0.50
4311, 0.39
4312, 0.40
4313, 0.45
4314, 0.36
4315, 0.54
4316, 0.41
4317, 0.19
4318, 0.47
4319, 0.20
4320, 0.44
4321, 0.88
4322, 0.55
4323, 0.86
4324, 0.43
4325, 0.46
4326, 0.38
4327, 0.44
4328, 0.50
4329, 0.57
4330, 0.41
4331, 0.20
4332, 0.81
4333, 0.88
4334, 0.49
4335, 0.65
4336, 0.48
4337, 0.18
4338, 0.55
4339, 0.89
4340, 0.86
4341, 0.54
4342, 0.57
4343, 0.27
4344, 0.41
4345, 0.50
4346, 0.43
4347, 0.39
4348, 0.33
4349, 0.41
4350, 0.47
4351, 0.52
4352, 0.17
4353, 0.88
4354, 0.38
4355, 0.47
4356, 0.37
4357, 0.54
4358, 0.58
4359, 0.51
4360, 0.55
4361, 0.50
4362, 0.53
4363, 0.89
4364, 0.33
4365, 0.83
4366, 0.44
4367, 0.87
4368, 0.88
4369, 0.56
4370, 0.47
4371, 0.34
4372, 0.54
4373, 0.24
4374, 0.50
4375, 0.31
4376, 0.48
4377, 0.47
4378, 0.30
4379, 0.44
4380, 0.59
4381, 0.56
4382, 0.49
4383, 0.49
4384, 0.50
4385, 0.41
4386, 0.53
4387, 0.62
4388, 0.88
4389, 0.73
4390, 0.22
4391, 0.30
4392, 0.50
4393, 0.17
4394, 0.40
4395, 0.55
4396, 0.52
4397, 0.52
4398, 0.36
4399, 0.36
4400, 0.89
4401, 0.36
4402, 0.51
4403, 0.46
4404, 0.49
4405, 0.46
4406, 0.43
4407, 0.17
4408, 0.89
4409, 0.22
4410, 0.61
4411, 0.48
4412, 0.53
4413, 0.68
4414, 0.31
4415, 0.20
4416, 0.52
4417, 0.50
4418, 0.19
4419, 0.49
4420, 0.54
4421, 0.22
4422, 0.40
4423, 0.48
4424, 0.89
4425, 0.52
4426, 0.40
4427, 0.34
4428, 0.19
4429, 0.64
4430, 0.44
4431, 0.39
4432, 0.49
4433, 0.53
4434, 0.43
4435, 0.46
4436, 0.54
4437, 0.48
4438, 0.47
4439, 0.89
4440, 0.88
4441, 0.43
4442, 0.47
4443, 0.47
4444, 0.11
4445, 0.35
4446, 0.50
4447, 0.86
4448, 0.56
4449, 0.50
4450, 0.53
4451, 0.43
4452, 0.45
4453, 0.58
4454, 0.43
4455, 0.37
4456, 0.35
4457, 0.49
4458, 0.89
4459, 0.56
4460, 0.40
4461, 0.46
4462, 0.24
4463, 0.27
4464, 0.25
4465, 0.49
4466, 0.37
4467, 0.38
4468, 0.45
4469, 0.67
4470, 0.78
4471, 0.20
4472, 0.39
4473, 0.46
4474, 0.25
4475, 0.55
4476, 0.86
4477, 0.35
4478, 0.88
4479, 0.43
4480, 0.59
4481, 0.62
4482, 0.46
4483, 0.45
4484, 0.46
4485, 0.26
4486, 0.47
4487, 0.56
4488, 0.55
4489, 0.49
4490, 0.24
4491, 0.56
4492, 0.44
4493, 0.53
4494, 0.33
4495, 0.88
4496, 0.43
4497, 0.46
4498, 0.89
4499, 0.30
4500, 0.19
4501, 0.84
4502, 0.83
4503, 0.47
4504, 0.50
4505, 0.53
4506, 0.39
4507, 0.34
4508, 0.54
4509, 0.46
4510, 0.47
4511, 0.53
4512, 0.56
4513, 0.41
4514, 0.70
4515, 0.45
4516, 0.50
4517, 0.68
4518, 0.51
4519, 0.51
4520, 0.37
4521, 0.25
4522, 0.49
4523, 0.89
4524, 0.43
4525, 0.22
4526, 0.21
4527, 0.88
4528, 0.54
4529, 0.55
4530, 0.31
4531, 0.51
4532, 0.49
4533, 0.44
4534, 0.88
4535, 0.51
4536, 0.46
4537, 0.90
4538, 0.45
4539, 0.22
4540, 0.45
4541, 0.53
4542, 0.21
4543, 0.46
4544, 0.41
4545, 0.89
4546, 0.42
4547, 0.41
4548, 0.54
4549, 0.40
4550, 0.49
4551, 0.36
4552, 0.39
4553, 0.85
4554, 0.50
4555, 0.51
4556, 0.64
4557, 0.48
4558, 0.39
4559, 0.55
4560, 0.49
4561, 0.53
4562, 0.56
4563, 0.89
4564, 0.88
4565, 0.56
4566, 0.48
4567, 0.57
4568, 0.61
4569, 0.61
4570, 0.25
4571, 0.47
4572, 0.40
4573, 0.55
4574, 0.32
4575, 0.81
4576, 0.85
4577, 0.42
4578, 0.31
4579, 0.51
4580, 0.25
4581, 0.81
4582, 0.85
4583, 0.56
4584, 0.48
4585, 0.89
4586, 0.43
4587, 0.89
4588, 0.65
4589, 0.41
4590, 0.20
4591, 0.45
4592, 0.50
4593, 0.34
4594, 0.38
4595, 0.84
4596, 0.49
4597, 0.47
4598, 0.49
4599, 0.42
4600, 0.41
4601, 0.14
4602, 0.54
4603, 0.42
4604, 0.48
4605, 0.47
4606, 0.42
4607, 0.19
4608, 0.50
4609, 0.49
4610, 0.19
4611, 0.53
4612, 0.55
4613, 0.22
4614, 0.45
4615, 0.21
4616, 0.51
4617, 0.76
4618, 0.89
4619, 0.26
4620, 0.47
4621, 0.38
4622, 0.83
4623, 0.86
4624, 0.51
4625, 0.60
4626, 0.79
4627, 0.17
4628, 0.21
4629, 0.83
4630, 0.55
4631, 0.37
4632, 0.50
4633, 0.44
4634, 0.58
4635, 0.41
4636, 0.89
4637, 0.47
4638, 0.42
4639, 0.89
4640, 0.90
4641, 0.43
4642, 0.21
4643, 0.69
4644, 0.50
4645, 0.25
4646, 0.47
4647, 0.48
4648, 0.57
4649, 0.73
4650, 0.25
4651, 0.57
4652, 0.47
4653, 0.42
4654, 0.44
4655, 0.45
4656, 0.87
4657, 0.43
4658, 0.44
4659, 0.18
4660, 0.45
4661, 0.53
4662, 0.62
4663, 0.26
4664, 0.87
4665, 0.47
4666, 0.58
4667, 0.86
4668, 0.41
4669, 0.67
4670, 0.43
4671, 0.45
4672, 0.84
4673, 0.22
4674, 0.88
4675, 0.45
4676, 0.26
4677, 0.51
4678, 0.21
4679, 0.21
4680, 0.37
4681, 0.46
4682, 0.88
4683, 0.86
4684, 0.86
4685, 0.50
4686, 0.24
4687, 0.35
4688, 0.31
4689, 0.56
4690, 0.87
4691, 0.44
4692, 0.59
4693, 0.67
4694, 0.41
4695, 0.49
4696, 0.20
4697, 0.35
4698, 0.24
4699, 0.52
4700, 0.60
4701, 0.84
4702, 0.50
4703, 0.54
4704, 0.22
4705, 0.49
4706, 0.42
4707, 0.53
4708, 0.88
4709, 0.75
4710, 0.45
4711, 0.48
4712, 0.20
4713, 0.57
4714, 0.41
4715, 0.39
4716, 0.61
4717, 0.42
4718, 0.89
4719, 0.82
4720, 0.47
4721, 0.58
4722, 0.48
4723, 0.57
4724, 0.44
4725, 0.23
4726, 0.38
4727, 0.48
4728, 0.60
4729, 0.39
4730, 0.54
4731, 0.48
4732, 0.46
4733, 0.46
4734, 0.49
4735, 0.52
4736, 0.37
4737, 0.48
4738, 0.64
4739, 0.56
4740, 0.33
4741, 0.48
4742, 0.53
4743, 0.72
4744, 0.63
4745, 0.45
4746, 0.60
4747, 0.62
4748, 0.50
4749, 0.89
4750, 0.50
4751, 0.48
4752, 0.46
4753, 0.40
4754, 0.58
4755, 0.81
4756, 0.42
4757, 0.57
4758, 0.77
4759, 0.45
4760, 0.62
4761, 0.40
4762, 0.90
4763, 0.24
4764, 0.17
4765, 0.40
4766, 0.28
4767, 0.46
4768, 0.53
4769, 0.52
4770, 0.51
4771, 0.90
4772, 0.42
4773, 0.55
4774, 0.58
4775, 0.49
4776, 0.52
4777, 0.38
4778, 0.67
4779, 0.48
4780, 0.52
4781, 0.89
4782, 0.43
4783, 0.88
4784, 0.65
4785, 0.89
4786, 0.67
4787, 0.88
4788, 0.33
4789, 0.51
4790, 0.53
4791, 0.57
4792, 0.56
4793, 0.37
4794, 0.22
4795, 0.88
4796, 0.73
4797, 0.54
4798, 0.42
4799, 0.47
4800, 0.42
4801, 0.37
4802, 0.26
4803, 0.35
4804, 0.52
4805, 0.48
4806, 0.52
4807, 0.40
4808, 0.54
4809, 0.42
4810, 0.71
4811, 0.44
4812, 0.42
4813, 0.43
4814, 0.17
4815, 0.52
4816, 0.43
4817, 0.49
4818, 0.44
4819, 0.43
4820, 0.87
4821, 0.41
4822, 0.23
4823, 0.26
4824, 0.52
4825, 0.22
4826, 0.46
4827, 0.43
4828, 0.40
4829, 0.87
4830, 0.55
4831, 0.49
4832, 0.31
4833, 0.87
4834, 0.37
4835, 0.46
4836, 0.88
4837, 0.17
4838, 0.31
4839, 0.20
4840, 0.43
4841, 0.50
4842, 0.27
4843, 0.51
4844, 0.51
4845, 0.51
4846, 0.85
4847, 0.39
4848, 0.89
4849, 0.44
4850, 0.61
4851, 0.14
4852, 0.57
4853, 0.47
4854, 0.22
4855, 0.37
4856, 0.19
4857, 0.63
4858, 0.52
4859, 0.35
4860, 0.64
4861, 0.22
4862, 0.56
4863, 0.51
4864, 0.76
4865, 0.24
4866, 0.82
4867, 0.49
4868, 0.18
4869, 0.48
4870, 0.48
4871, 0.87
4872, 0.59
4873, 0.61
4874, 0.38
4875, 0.47
4876, 0.43
4877, 0.86
4878, 0.50
4879, 0.36
4880, 0.60
4881, 0.51
4882, 0.88
4883, 0.88
4884, 0.42
4885, 0.41
4886, 0.65
4887, 0.51
4888, 0.38
4889, 0.53
4890, 0.42
4891, 0.54
4892, 0.23
4893, 0.24
4894, 0.18
4895, 0.53
4896, 0.48
4897, 0.52
4898, 0.44
4899, 0.47
4900, 0.67
4901, 0.46
4902, 0.50
4903, 0.48
4904, 0.48
4905, 0.39
4906, 0.85
4907, 0.68
4908, 0.21
4909, 0.50
4910, 0.48
4911, 0.55
4912, 0.90
4913, 0.41
4914, 0.49
4915, 0.90
4916, 0.90
4917, 0.48
4918, 0.51
4919, 0.39
4920, 0.40
4921, 0.39
4922, 0.27
4923, 0.89
4924, 0.54
4925, 0.51
4926, 0.26
4927, 0.53
4928, 0.43
4929, 0.89
4930, 0.83
4931, 0.49
4932, 0.40
4933, 0.30
4934, 0.37
4935, 0.44
4936, 0.39
4937, 0.64
4938, 0.55
4939, 0.51
4940, 0.65
4941, 0.55
4942, 0.42
4943, 0.48
4944, 0.88
4945, 0.41
4946, 0.46
4947, 0.50
4948, 0.29
4949, 0.48
4950, 0.56
4951, 0.51
4952, 0.56
4953, 0.55
4954, 0.31
4955, 0.44
4956, 0.51
4957, 0.49
4958, 0.37
4959, 0.38
4960, 0.43
4961, 0.89
4962, 0.29
4963, 0.38
4964, 0.51
4965, 0.55
4966, 0.52
4967, 0.43
4968, 0.52
4969, 0.85
4970, 0.35
4971, 0.51
4972, 0.36
4973, 0.42
4974, 0.51
4975, 0.53
4976, 0.40
4977, 0.51
4978, 0.36
4979, 0.38
4980, 0.52
4981, 0.35
4982, 0.40
4983, 0.68
4984, 0.45
4985, 0.55
4986, 0.50
4987, 0.50
4988, 0.88
4989, 0.52
4990, 0.18
4991, 0.65
4992, 0.24
4993, 0.56
4994, 0.47
4995, 0.55
4996, 0.36
4997, 0.27
4998, 0.39
4999, 0.56
5000, 0.89
5001, 0.22
5002, 0.52
5003, 0.52
5004, 0.28
5005, 0.28
5006, 0.62
5007, 0.38
5008, 0.50
5009, 0.39
5010, 0.52
5011, 0.20
5012, 0.41
5013, 0.46
5014, 0.87
5015, 0.24
5016, 0.49
5017, 0.44
5018, 0.76
5019, 0.58
5020, 0.52
5021, 0.19
5022, 0.56
5023, 0.85
5024, 0.49
5025, 0.53
5026, 0.48
5027, 0.54
5028, 0.42
5029, 0.19
5030, 0.34
5031, 0.47
5032, 0.44
5033, 0.59
5034, 0.23
5035, 0.44
5036, 0.48
5037, 0.37
5038, 0.59
5039, 0.39
5040, 0.52
5041, 0.47
5042, 0.86
5043, 0.19
5044, 0.56
5045, 0.48
5046, 0.41
5047, 0.45
5048, 0.40
5049, 0.45
5050, 0.52
5051, 0.34
5052, 0.38
5053, 0.89
5054, 0.48
5055, 0.51
5056, 0.41
5057, 0.19
5058, 0.40
5059, 0.86
5060, 0.89
5061, 0.32
5062, 0.58
5063, 0.53
5064, 0.44
5065, 0.21
5066, 0.34
5067, 0.57
5068, 0.69
5069, 0.49
5070, 0.58
5071, 0.56
5072, 0.50
5073, 0.79
5074, 0.35
5075, 0.46
5076, 0.49
5077, 0.49
5078, 0.86
5079, 0.88
5080, 0.53
5081, 0.28
5082, 0.36
5083, 0.50
5084, 0.50
5085, 0.89
5086, 0.45
5087, 0.40
5088, 0.63
5089, 0.86
5090, 0.52
5091, 0.45
5092, 0.46
5093, 0.35
5094, 0.21
5095, 0.50
5096, 0.39
5097, 0.33
5098, 0.43
5099, 0.50
5100, 0.61
5101, 0.57
5102, 0.23
5103, 0.51
5104, 0.48
5105, 0.51
5106, 0.47
5107, 0.57
5108, 0.47
5109, 0.88
5110, 0.20
5111, 0.47
5112, 0.34
5113, 0.23
5114, 0.41
5115, 0.44
5116, 0.44
5117, 0.89
5118, 0.48
5119, 0.48
5120, 0.58
5121, 0.56
5122, 0.43
5123, 0.41
5124, 0.44
5125, 0.86
5126, 0.50
5127, 0.16
5128, 0.47
5129, 0.50
5130, 0.43
5131, 0.17
5132, 0.39
5133, 0.56
5134, 0.51
5135, 0.58
5136, 0.38
5137, 0.52
5138, 0.60
5139, 0.41
5140, 0.84
5141, 0.49
5142, 0.87
5143, 0.37
5144, 0.34
5145, 0.68
5146, 0.62
5147, 0.48
5148, 0.53
5149, 0.43
5150, 0.54
5151, 0.49
5152, 0.18
5153, 0.55
5154, 0.28
5155, 0.39
5156, 0.21
5157, 0.54
5158, 0.52
5159, 0.56
5160, 0.28
5161, 0.49
5162, 0.64
5163, 0.45
5164, 0.59
5165, 0.52
5166, 0.41
5167, 0.40
5168, 0.41
5169, 0.51
5170, 0.60
5171, 0.47
5172, 0.33
5173, 0.40
5174, 0.57
5175, 0.21
5176, 0.89
5177, 0.54
5178, 0.52
5179, 0.38
5180, 0.60
5181, 0.86
5182, 0.29
5183, 0.40
5184, 0.88
5185, 0.90
5186, 0.44
5187, 0.32
5188, 0.17
5189, 0.40
5190, 0.50
5191, 0.40
5192, 0.49
5193, 0.42
5194, 0.52
5195, 0.89
5196, 0.49
5197, 0.30
5198, 0.54
5199, 0.54
5200, 0.88
5201, 0.41
5202, 0.39
5203, 0.49
5204, 0.21
5205, 0.55
5206, 0.43
5207, 0.88
5208, 0.42
5209, 0.43
5210, 0.47
5211, 0.39
5212, 0.51
5213, 0.85
5214, 0.39
5215, 0.33
5216, 0.18
5217, 0.43
5218, 0.30
5219, 0.46
5220, 0.52
5221, 0.24
5222, 0.26
5223, 0.49
5224, 0.46
5225, 0.46
5226, 0.45
5227, 0.20
5228, 0.47
5229, 0.21
5230, 0.39
5231, 0.40
5232, 0.60
5233, 0.55
5234, 0.20
5235, 0.64
5236, 0.39
5237, 0.47
5238, 0.29
5239, 0.45
5240, 0.57
5241, 0.68
5242, 0.18
5243, 0.43
5244, 0.87
5245, 0.32
5246, 0.87
5247, 0.64
5248, 0.53
5249, 0.49
5250, 0.52
5251, 0.46
5252, 0.54
5253, 0.25
5254, 0.21
5255, 0.36
5256, 0.58
5257, 0.17
5258, 0.51
5259, 0.55
5260, 0.48
5261, 0.89
5262, 0.49
5263, 0.62
5264, 0.48
5265, 0.44
5266, 0.44
5267, 0.90
5268, 0.19
5269, 0.55
5270, 0.48
5271, 0.48
5272, 0.89
5273, 0.46
5274, 0.52
5275, 0.51
5276, 0.47
5277, 0.47
5278, 0.43
5279, 0.63
5280, 0.45
5281, 0.89
5282, 0.44
5283, 0.87
5284, 0.69
5285, 0.48
5286, 0.18
5287, 0.56
5288, 0.81
5289, 0.61
5290, 0.50
5291, 0.89
5292, 0.42
5293, 0.40
5294, 0.17
5295, 0.14
5296, 0.18
5297, 0.60
5298, 0.43
5299, 0.87
5300, 0.51
5301, 0.51
5302, 0.45
5303, 0.52
5304, 0.52
5305, 0.46
5306, 0.46
5307, 0.48
5308, 0.84
5309, 0.64
5310, 0.45
5311, 0.37
5312, 0.45
5313, 0.49
5314, 0.72
5315, 0.84
5316, 0.47
5317, 0.15
5318, 0.45
5319, 0.83
5320, 0.85
5321, 0.45
5322, 0.56
5323, 0.42
5324, 0.45
5325, 0.43
5326, 0.43
5327, 0.55
5328, 0.51
5329, 0.27
5330, 0.47
5331, 0.49
5332, 0.17
5333, 0.42
5334, 0.42
5335, 0.40
5336, 0.51
5337, 0.46
5338, 0.40
5339, 0.18
5340, 0.14
5341, 0.54
5342, 0.53
5343, 0.47
5344, 0.44
5345, 0.51
5346, 0.50
5347, 0.55
5348, 0.67
5349, 0.51
5350, 0.51
5351, 0.79
5352, 0.68
5353, 0.50
5354, 0.41
5355, 0.89
5356, 0.87
5357, 0.53
5358, 0.49
5359, 0.36
5360, 0.43
5361, 0.40
5362, 0.55
5363, 0.45
5364, 0.40
5365, 0.53
5366, 0.51
5367, 0.89
5368, 0.48
5369, 0.52
5370, 0.89
5371, 0.51
5372, 0.23
5373, 0.45
5374, 0.40
5375, 0.72
5376, 0.21
5377, 0.78
5378, 0.58
5379, 0.36
5380, 0.55
5381, 0.27
5382, 0.37
5383, 0.50
5384, 0.51
5385, 0.46
5386, 0.44
5387, 0.42
5388, 0.22
5389, 0.47
5390, 0.37
5391, 0.52
5392, 0.44
5393, 0.79
5394, 0.51
5395, 0.48
5396, 0.89
5397, 0.46
5398, 0.52
5399, 0.47
5400, 0.48
5401, 0.25
5402, 0.48
5403, 0.38
5404, 0.36
5405, 0.32
5406, 0.51
5407, 0.28
5408, 0.49
5409, 0.48
5410, 0.31
5411, 0.28
5412, 0.86
5413, 0.37
5414, 0.84
5415, 0.45
5416, 0.58
5417, 0.48
5418, 0.19
5419, 0.88
5420, 0.41
5421, 0.50
5422, 0.44
5423, 0.65
5424, 0.35
5425, 0.59
5426, 0.55
5427, 0.46
5428, 0.46
5429, 0.50
5430, 0.41
5431, 0.50
5432, 0.45
5433, 0.48
5434, 0.89
5435, 0.46
5436, 0.61
5437, 0.53
5438, 0.52
5439, 0.46
5440, 0.36
5441, 0.85
5442, 0.60
5443, 0.44
5444, 0.48
5445, 0.48
5446, 0.85
5447, 0.54
5448, 0.56
5449, 0.48
5450, 0.26
5451, 0.55
5452, 0.41
5453, 0.86
5454, 0.58
5455, 0.89
5456, 0.55
5457, 0.87
5458, 0.58
5459, 0.86
5460, 0.52
5461, 0.51
5462, 0.41
5463, 0.57
5464, 0.60
5465, 0.48
5466, 0.52
5467, 0.41
5468, 0.41
5469, 0.39
5470, 0.39
5471, 0.39
5472, 0.67
5473, 0.47
5474, 0.47
5475, 0.39
5476, 0.52
5477, 0.58
5478, 0.50
5479, 0.90
5480, 0.40
5481, 0.59
5482, 0.39
5483, 0.48
5484, 0.47
5485, 0.19
5486, 0.69
5487, 0.86
5488, 0.19
5489, 0.49
5490, 0.88
5491, 0.49
5492, 0.56
5493, 0.49
5494, 0.57
5495, 0.52
5496, 0.90
5497, 0.49
5498, 0.51
5499, 0.42
5500, 0.88
5501, 0.50
5502, 0.46
5503, 0.49
5504, 0.55
5505, 0.55
5506, 0.56
5507, 0.62
5508, 0.53
5509, 0.47
5510, 0.62
5511, 0.47
5512, 0.50
5513, 0.55
5514, 0.87
5515, 0.48
5516, 0.57
5517, 0.58
5518, 0.31
5519, 0.55
5520, 0.78
5521, 0.42
5522, 0.38
5523, 0.50
5524, 0.90
5525, 0.52
5526, 0.40
5527, 0.44
5528, 0.20
5529, 0.56
5530, 0.22
5531, 0.46
5532, 0.49
5533, 0.57
5534, 0.41
5535, 0.50
5536, 0.42
5537, 0.66
5538, 0.89
5539, 0.55
5540, 0.22
5541, 0.18
5542, 0.87
5543, 0.41
5544, 0.88
5545, 0.19
5546, 0.55
5547, 0.43
5548, 0.43
5549, 0.35
5550, 0.20
5551, 0.47
5552, 0.44
5553, 0.31
5554, 0.85
5555, 0.58
5556, 0.43
5557, 0.40
5558, 0.51
5559, 0.50
5560, 0.49
5561, 0.24
5562, 0.61
5563, 0.50
5564, 0.53
5565, 0.39
5566, 0.19
5567, 0.16
5568, 0.48
5569, 0.48
5570, 0.35
5571, 0.47
5572, 0.89
5573, 0.89
5574, 0.48
5575, 0.53
5576, 0.25
5577, 0.25
5578, 0.63
5579, 0.26
5580, 0.46
5581, 0.42
5582, 0.46
5583, 0.60
5584, 0.48
5585, 0.60
5586, 0.51
5587, 0.19
5588, 0.57
5589, 0.69
5590, 0.47
5591, 0.58
5592, 0.45
5593, 0.41
5594, 0.85
5595, 0.56
5596, 0.31
5597, 0.37
5598, 0.59
5599, 0.89
5600, 0.60
5601, 0.50
5602, 0.56
5603, 0.52
5604, 0.39
5605, 0.81
5606, 0.22
5607, 0.57
5608, 0.21
5609, 0.39
5610, 0.36
5611, 0.61
5612, 0.62
5613, 0.22
5614, 0.57
5615, 0.18
5616, 0.21
5617, 0.43
5618, 0.43
5619, 0.53
5620, 0.44
5621, 0.90
5622, 0.24
5623, 0.39
5624, 0.49
5625, 0.46
5626, 0.39
5627, 0.52
5628, 0.42
5629, 0.37
5630, 0.50
5631, 0.48
5632, 0.52
5633, 0.89
5634, 0.45
5635, 0.87
5636, 0.19
5637, 0.24
5638, 0.50
5639, 0.47
5640, 0.51
5641, 0.43
5642, 0.59
5643, 0.55
5644, 0.88
5645, 0.23
5646, 0.28
5647, 0.20
5648, 0.34
5649, 0.46
5650, 0.55
5651, 0.41
5652, 0.53
5653, 0.22
5654, 0.20
5655, 0.44
5656, 0.40
5657, 0.50
5658, 0.89
5659, 0.43
5660, 0.82
5661, 0.30
5662, 0.89
5663, 0.47
5664, 0.56
5665, 0.44
5666, 0.59
5667, 0.58
5668, 0.37
5669, 0.36
5670, 0.50
5671, 0.52
5672, 0.61
5673, 0.26
5674, 0.38
5675, 0.88
5676, 0.53
5677, 0.44
5678, 0.50
5679, 0.53
5680, 0.24
5681, 0.26
5682, 0.45
5683, 0.52
5684, 0.90
5685, 0.58
5686, 0.41
5687, 0.86
5688, 0.86
5689, 0.43
5690, 0.17
5691, 0.51
5692, 0.53
5693, 0.53
5694, 0.41
5695, 0.16
5696, 0.23
5697, 0.57
5698, 0.45
5699, 0.43
5700, 0.20
5701, 0.89
5702, 0.41
5703, 0.88
5704, 0.82
5705, 0.87
5706, 0.71
5707, 0.24
5708, 0.45
5709, 0.42
5710, 0.86
5711, 0.34
5712, 0.63
5713, 0.33
5714, 0.51
5715, 0.50
5716, 0.60
5717, 0.44
5718, 0.52
5719, 0.19
5720, 0.58
5721, 0.51
5722, 0.42
5723, 0.49
5724, 0.38
5725, 0.50
5726, 0.51
5727, 0.20
5728, 0.50
5729, 0.33
5730, 0.53
5731, 0.50
5732, 0.42
5733, 0.85
5734, 0.50
5735, 0.47
5736, 0.85
5737, 0.50
5738, 0.52
5739, 0.83
5740, 0.21
5741, 0.53
5742, 0.38
5743, 0.52
5744, 0.22
5745, 0.67
5746, 0.51
5747, 0.57
5748, 0.36
5749, 0.84
5750, 0.51
5751, 0.86
5752, 0.54
5753, 0.39
5754, 0.55
5755, 0.55
5756, 0.81
5757, 0.52
5758, 0.55
5759, 0.48
5760, 0.27
5761, 0.50
5762, 0.49
5763, 0.46
5764, 0.31
5765, 0.65
5766, 0.41
5767, 0.40
5768, 0.32
5769, 0.89
5770, 0.59
5771, 0.35
5772, 0.47
5773, 0.57
5774, 0.58
5775, 0.43
5776, 0.43
5777, 0.55
5778, 0.21
5779, 0.45
5780, 0.52
5781, 0.47
5782, 0.50
5783, 0.48
5784, 0.43
5785, 0.53
5786, 0.85
5787, 0.53
5788, 0.65
5789, 0.19
5790, 0.80
5791, 0.20
5792, 0.41
5793, 0.52
5794, 0.22
5795, 0.36
5796, 0.20
5797, 0.37
5798, 0.55
5799, 0.45
5800, 0.21
5801, 0.16
5802, 0.58
5803, 0.27
5804, 0.66
5805, 0.89
5806, 0.51
5807, 0.47
5808, 0.20
5809, 0.44
5810, 0.61
5811, 0.41
5812, 0.35
5813, 0.58
5814, 0.55
5815, 0.23
5816, 0.55
5817, 0.35
5818, 0.87
5819, 0.53
5820, 0.56
5821, 0.57
5822, 0.33
5823, 0.40
5824, 0.77
5825, 0.60
5826, 0.85
5827, 0.54
5828, 0.41
5829, 0.55
5830, 0.39
5831, 0.52
5832, 0.60
5833, 0.52
5834, 0.47
5835, 0.21
5836, 0.17
5837, 0.64
5838, 0.50
5839, 0.76
5840, 0.24
5841, 0.50
5842, 0.59
5843, 0.88
5844, 0.46
5845, 0.89
5846, 0.69
5847, 0.30
5848, 0.50
5849, 0.37
5850, 0.40
5851, 0.42
5852, 0.48
5853, 0.42
5854, 0.20
5855, 0.52
5856, 0.48
5857, 0.52
5858, 0.38
5859, 0.33
5860, 0.50
5861, 0.22
5862, 0.47
5863, 0.69
5864, 0.90
5865, 0.59
5866, 0.47
5867, 0.89
5868, 0.37
5869, 0.34
5870, 0.22
5871, 0.51
5872, 0.44
5873, 0.79
5874, 0.45
5875, 0.40
5876, 0.26
5877, 0.86
5878, 0.57
5879, 0.47
5880, 0.59
5881, 0.27
5882, 0.15
5883, 0.86
5884, 0.80
5885, 0.49
5886, 0.42
5887, 0.47
5888, 0.39
5889, 0.42
5890, 0.68
5891, 0.37
5892, 0.44
5893, 0.42
5894, 0.53
5895, 0.44
5896, 0.56
5897, 0.59
5898, 0.54
5899, 0.34
5900, 0.45
5901, 0.44
5902, 0.54
5903, 0.55
5904, 0.23
5905, 0.51
5906, 0.47
5907, 0.52
5908, 0.39
5909, 0.35
5910, 0.90
5911, 0.19
5912, 0.40
5913, 0.88
5914, 0.43
5915, 0.30
5916, 0.40
5917, 0.49
5918, 0.28
5919, 0.51
5920, 0.49
5921, 0.53
5922, 0.50
5923, 0.83
5924, 0.20
5925, 0.45
5926, 0.59
5927, 0.22
5928, 0.54
5929, 0.54
5930, 0.52
5931, 0.43
5932, 0.53
5933, 0.89
5934, 0.42
5935, 0.21
5936, 0.19
5937, 0.59
5938, 0.54
5939, 0.27
5940, 0.23
5941, 0.89
5942, 0.44
5943, 0.38
5944, 0.64
5945, 0.89
5946, 0.46
5947, 0.52
5948, 0.43
5949, 0.59
5950, 0.24
5951, 0.50
5952, 0.42
5953, 0.19
5954, 0.51
5955, 0.44
5956, 0.46
5957, 0.25
5958, 0.39
5959, 0.42
5960, 0.42
5961, 0.53
5962, 0.50
5963, 0.68
5964, 0.80
5965, 0.54
5966, 0.54
5967, 0.43
5968, 0.45
5969, 0.41
5970, 0.51
5971, 0.50
5972, 0.83
5973, 0.38
5974, 0.48
5975, 0.44
5976, 0.15
5977, 0.21
5978, 0.55
5979, 0.44
5980, 0.57
5981, 0.47
5982, 0.49
5983, 0.48
5984, 0.38
5985, 0.52
5986, 0.54
5987, 0.42
5988, 0.83
5989, 0.52
5990, 0.90
5991, 0.91
5992, 0.56
5993, 0.46
5994, 0.51
5995, 0.89
5996, 0.44
5997, 0.51
5998, 0.45
5999, 0.56
6000, 0.89
6001, 0.49
6002, 0.90
6003, 0.77
6004, 0.37
6005, 0.55
6006, 0.18
6007, 0.40
6008, 0.54
6009, 0.58
6010, 0.52
6011, 0.48
6012, 0.42
6013, 0.46
6014, 0.49
6015, 0.52
6016, 0.48
6017, 0.55
6018, 0.57
6019, 0.51
6020, 0.48
6021, 0.33
6022, 0.22
6023, 0.53
6024, 0.51
6025, 0.48
6026, 0.32
6027, 0.87
6028, 0.57
6029, 0.46
6030, 0.64
6031, 0.41
6032, 0.88
6033, 0.43
6034, 0.51
6035, 0.41
6036, 0.89
6037, 0.49
6038, 0.52
6039, 0.42
6040, 0.50
6041, 0.24
6042, 0.46
6043, 0.64
6044, 0.55
6045, 0.24
6046, 0.61
6047, 0.85
6048, 0.61
6049, 0.32
6050, 0.87
6051, 0.50
6052, 0.57
6053, 0.60
6054, 0.52
6055, 0.65
6056, 0.38
6057, 0.56
6058, 0.87
6059, 0.50
6060, 0.40
6061, 0.53
6062, 0.47
6063, 0.36
6064, 0.53
6065, 0.55
6066, 0.52
6067, 0.46
6068, 0.56
6069, 0.51
6070, 0.51
6071, 0.89
6072, 0.37
6073, 0.79
6074, 0.31
6075, 0.40
6076, 0.30
6077, 0.45
6078, 0.61
6079, 0.24
6080, 0.37
6081, 0.49
6082, 0.48
6083, 0.56
6084, 0.49
6085, 0.45
6086, 0.42
6087, 0.43
6088, 0.53
6089, 0.48
6090, 0.42
6091, 0.56
6092, 0.28
6093, 0.61
6094, 0.47
6095, 0.20
6096, 0.49
6097, 0.53
6098, 0.39
6099, 0.52
6100, 0.57
6101, 0.48
6102, 0.37
6103, 0.87
6104, 0.18
6105, 0.29
6106, 0.73
6107, 0.48
6108, 0.34
6109, 0.43
6110, 0.49
6111, 0.49
6112, 0.19
6113, 0.49
6114, 0.47
6115, 0.55
6116, 0.49
6117, 0.52
6118, 0.49
6119, 0.45
6120, 0.24
6121, 0.87
6122, 0.15
6123, 0.19
6124, 0.43
6125, 0.53
6126, 0.51
6127, 0.47
6128, 0.53
6129, 0.38
6130, 0.38
6131, 0.88
6132, 0.43
6133, 0.60
6134, 0.38
6135, 0.50
6136, 0.52
6137, 0.53
6138, 0.43
6139, 0.83
6140, 0.55
6141, 0.79
6142, 0.87
6143, 0.44
6144, 0.45
6145, 0.53
6146, 0.69
6147, 0.41
6148, 0.51
6149, 0.32
6150, 0.56
6151, 0.46
6152, 0.38
6153, 0.58
6154, 0.89
6155, 0.20
6156, 0.18
6157, 0.53
6158, 0.41
6159, 0.20
6160, 0.40
6161, 0.16
6162, 0.59
6163, 0.51
6164, 0.44
6165, 0.56
6166, 0.48
6167, 0.41
6168, 0.52
6169, 0.46
6170, 0.50
6171, 0.89
6172, 0.51
6173, 0.60
6174, 0.40
6175, 0.54
6176, 0.46
6177, 0.55
6178, 0.20
6179, 0.51
6180, 0.61
6181, 0.23
6182, 0.89
6183, 0.48
6184, 0.47
6185, 0.55
6186, 0.56
6187, 0.57
6188, 0.48
6189, 0.87
6190, 0.72
6191, 0.49
6192, 0.49
6193, 0.86
6194, 0.21
6195, 0.52
6196, 0.59
6197, 0.90
6198, 0.44
6199, 0.61
6200, 0.54
6201, 0.70
6202, 0.34
6203, 0.22
6204, 0.89
6205, 0.42
6206, 0.84
6207, 0.38
6208, 0.40
6209, 0.31
6210, 0.38
6211, 0.50
6212, 0.45
6213, 0.21
6214, 0.70
6215, 0.45
6216, 0.47
6217, 0.48
6218, 0.16
6219, 0.89
6220, 0.39
6221, 0.38
6222, 0.44
6223, 0.88
6224, 0.30
6225, 0.47
6226, 0.62
6227, 0.54
6228, 0.52
6229, 0.86
6230, 0.88
6231, 0.48
6232, 0.21
6233, 0.61
6234, 0.86
6235, 0.49
6236, 0.54
6237, 0.46
6238, 0.52
6239, 0.56
6240, 0.48
6241, 0.54
6242, 0.52
6243, 0.51
6244, 0.57
6245, 0.39
6246, 0.49
6247, 0.41
6248, 0.52
6249, 0.40
6250, 0.88
6251, 0.47
6252, 0.39
6253, 0.48
6254, 0.35
6255, 0.53
6256, 0.44
6257, 0.48
6258, 0.51
6259, 0.43
6260, 0.55
6261, 0.47
6262, 0.54
6263, 0.60
6264, 0.22
6265, 0.24
6266, 0.89
6267, 0.55
6268, 0.78
6269, 0.48
6270, 0.50
6271, 0.51
6272, 0.36
6273, 0.23
6274, 0.36
6275, 0.48
6276, 0.54
6277, 0.76
6278, 0.46
6279, 0.40
6280, 0.90
6281, 0.22
6282, 0.45
6283, 0.23
6284, 0.53
6285, 0.51
6286, 0.50
6287, 0.52
6288, 0.55
6289, 0.37
6290, 0.85
6291, 0.41
6292, 0.38
6293, 0.46
6294, 0.45
6295, 0.56
6296, 0.73
6297, 0.44
6298, 0.30
6299, 0.83
6300, 0.43
6301, 0.46
6302, 0.36
6303, 0.27
6304, 0.89
6305, 0.51
6306, 0.67
6307, 0.60
6308, 0.40
6309, 0.36
6310, 0.46
6311, 0.28
6312, 0.13
6313, 0.54
6314, 0.38
6315, 0.46
6316, 0.85
6317, 0.50
6318, 0.45
6319, 0.39
6320, 0.73
6321, 0.53
6322, 0.53
6323, 0.47
6324, 0.90
6325, 0.43
6326, 0.20
6327, 0.49
6328, 0.17
6329, 0.42
6330, 0.71
6331, 0.43
6332, 0.49
6333, 0.51
6334, 0.68
6335, 0.60
6336, 0.55
6337, 0.44
6338, 0.51
6339, 0.45
6340, 0.20
6341, 0.52
6342, 0.41
6343, 0.37
6344, 0.87
6345, 0.34
6346, 0.88
6347, 0.47
6348, 0.89
6349, 0.48
6350, 0.37
6351, 0.52
6352, 0.87
6353, 0.48
6354, 0.52
6355, 0.60
6356, 0.28
6357, 0.83
6358, 0.37
6359, 0.58
6360, 0.86
6361, 0.24
6362, 0.65
6363, 0.87
6364, 0.42
6365, 0.46
6366, 0.18
6367, 0.45
6368, 0.25
6369, 0.88
6370, 0.46
6371, 0.50
6372, 0.23
6373, 0.55
6374, 0.45
6375, 0.22
6376, 0.84
6377, 0.54
6378, 0.85
6379, 0.55
6380, 0.34
6381, 0.50
6382, 0.44
6383, 0.55
6384, 0.44
6385, 0.45
6386, 0.46
6387, 0.27
6388, 0.46
6389, 0.50
6390, 0.57
6391, 0.50
6392, 0.37
6393, 0.59
6394, 0.39
6395, 0.41
6396, 0.87
6397, 0.17
6398, 0.47
6399, 0.44
6400, 0.42
6401, 0.47
6402, 0.21
6403, 0.49
6404, 0.83
6405, 0.48
6406, 0.47
6407, 0.60
6408, 0.51
6409, 0.49
6410, 0.41
6411, 0.47
6412, 0.51
6413, 0.32
6414, 0.49
6415, 0.56
6416, 0.44
6417, 0.21
6418, 0.23
6419, 0.48
6420, 0.61
6421, 0.74
6422, 0.20
6423, 0.21
6424, 0.38
6425, 0.50
6426, 0.85
6427, 0.46
6428, 0.48
6429, 0.52
6430, 0.86
6431, 0.21
6432, 0.44
6433, 0.26
6434, 0.43
6435, 0.34
6436, 0.18
6437, 0.55
6438, 0.50
6439, 0.46
6440, 0.46
6441, 0.46
6442, 0.44
6443, 0.43
6444, 0.26
6445, 0.31
6446, 0.48
6447, 0.49
6448, 0.84
6449, 0.56
6450, 0.24
6451, 0.43
6452, 0.51
6453, 0.63
6454, 0.59
6455, 0.38
6456, 0.85
6457, 0.37
6458, 0.39
6459, 0.47
6460, 0.25
6461, 0.61
6462, 0.34
6463, 0.32
6464, 0.55
6465, 0.31
6466, 0.44
6467, 0.55
6468, 0.87
6469, 0.53
6470, 0.38
6471, 0.63
6472, 0.47
6473, 0.34
6474, 0.50
6475, 0.54
6476, 0.88
6477, 0.48
6478, 0.27
6479, 0.43
6480, 0.38
6481, 0.46
6482, 0.44
6483, 0.42
6484, 0.55
6485, 0.47
6486, 0.22
6487, 0.46
6488, 0.85
6489, 0.26
6490, 0.42
6491, 0.46
6492, 0.21
6493, 0.60
6494, 0.43
6495, 0.45
6496, 0.57
6497, 0.52
6498, 0.21
6499, 0.54
6500, 0.49
6501, 0.59
6502, 0.47
6503, 0.42
6504, 0.21
6505, 0.43
6506, 0.52
6507, 0.53
6508, 0.53
6509, 0.64
6510, 0.50
6511, 0.77
6512, 0.88
6513, 0.40
6514, 0.47
6515, 0.51
6516, 0.52
6517, 0.50
6518, 0.43
6519, 0.42
6520, 0.23
6521, 0.59
6522, 0.58
6523, 0.43
6524, 0.49
6525, 0.43
6526, 0.57
6527, 0.63
6528, 0.87
6529, 0.53
6530, 0.88
6531, 0.48
6532, 0.23
6533, 0.42
6534, 0.60
6535, 0.21
6536, 0.89
6537, 0.47
6538, 0.49
6539, 0.58
6540, 0.51
6541, 0.53
6542, 0.40
6543, 0.88
6544, 0.48
6545, 0.52
6546, 0.43
6547, 0.42
6548, 0.52
6549, 0.82
6550, 0.49
6551, 0.52
6552, 0.17
6553, 0.65
6554, 0.39
6555, 0.55
6556, 0.44
6557, 0.50
6558, 0.61
6559, 0.51
6560, 0.27
6561, 0.49
6562, 0.46
6563, 0.49
6564, 0.32
6565, 0.47
6566, 0.20
6567, 0.87
6568, 0.54
6569, 0.17
6570, 0.49
6571, 0.48
6572, 0.52
6573, 0.48
6574, 0.87
6575, 0.44
6576, 0.23
6577, 0.49
6578, 0.51
6579, 0.32
6580, 0.48
6581, 0.43
6582, 0.45
6583, 0.66
6584, 0.50
6585, 0.42
6586, 0.55
6587, 0.20
6588, 0.39
6589, 0.29
6590, 0.42
6591, 0.35
6592, 0.89
6593, 0.43
6594, 0.38
6595, 0.67
6596, 0.49
6597, 0.54
6598, 0.44
6599, 0.34
6600, 0.49
6601, 0.47
6602, 0.61
6603, 0.39
6604, 0.47
6605, 0.21
6606, 0.52
6607, 0.46
6608, 0.48
6609, 0.47
6610, 0.25
6611, 0.26
6612, 0.23
6613, 0.58
6614, 0.53
6615, 0.58
6616, 0.17
6617, 0.88
6618, 0.21
6619, 0.66
6620, 0.45
6621, 0.17
6622, 0.50
6623, 0.44
6624, 0.48
6625, 0.48
6626, 0.53
6627, 0.44
6628, 0.53
6629, 0.58
6630, 0.87
6631, 0.47
6632, 0.56
6633, 0.52
6634, 0.44
6635, 0.83
6636, 0.35
6637, 0.85
6638, 0.43
6639, 0.90
6640, 0.55
6641, 0.86
6642, 0.38
6643, 0.19
6644, 0.38
6645, 0.44
6646, 0.23
6647, 0.41
6648, 0.23
6649, 0.24
6650, 0.28
6651, 0.67
6652, 0.47
6653, 0.51
6654, 0.49
6655, 0.46
6656, 0.39
6657, 0.54
6658, 0.53
6659, 0.53
6660, 0.85
6661, 0.50
6662, 0.46
6663, 0.46
6664, 0.50
6665, 0.56
6666, 0.51
6667, 0.51
6668, 0.64
6669, 0.51
6670, 0.59
6671, 0.86
6672, 0.49
6673, 0.19
6674, 0.56
6675, 0.28
6676, 0.65
6677, 0.43
6678, 0.66
6679, 0.50
6680, 0.19
6681, 0.62
6682, 0.62
6683, 0.37
6684, 0.46
6685, 0.45
6686, 0.41
6687, 0.56
6688, 0.62
6689, 0.89
6690, 0.49
6691, 0.48
6692, 0.79
6693, 0.48
6694, 0.42
6695, 0.20
6696, 0.87
6697, 0.34
6698, 0.42
6699, 0.49
6700, 0.49
6701, 0.55
6702, 0.22
6703, 0.26
6704, 0.58
6705, 0.35
6706, 0.55
6707, 0.50
6708, 0.54
6709, 0.52
6710, 0.17
6711, 0.58
6712, 0.49
6713, 0.45
6714, 0.18
6715, 0.47
6716, 0.49
6717, 0.36
6718, 0.45
6719, 0.42
6720, 0.34
6721, 0.59
6722, 0.52
6723, 0.88
6724, 0.47
6725, 0.36
6726, 0.45
6727, 0.48
6728, 0.20
6729, 0.90
6730, 0.57
6731, 0.47
6732, 0.89
6733, 0.50
6734, 0.55
6735, 0.60
6736, 0.47
6737, 0.51
6738, 0.55
6739, 0.48
6740, 0.59
6741, 0.46
6742, 0.34
6743, 0.18
6744, 0.87
6745, 0.81
6746, 0.55
6747, 0.33
6748, 0.49
6749, 0.85
6750, 0.44
6751, 0.18
6752, 0.52
6753, 0.40
6754, 0.42
6755, 0.27
6756, 0.42
6757, 0.61
6758, 0.48
6759, 0.37
6760, 0.53
6761, 0.23
6762, 0.18
6763, 0.64
6764, 0.45
6765, 0.24
6766, 0.45
6767, 0.54
6768, 0.48
6769, 0.45
6770, 0.86
6771, 0.50
6772, 0.71
6773, 0.20
6774, 0.57
6775, 0.63
6776, 0.53
6777, 0.57
6778, 0.46
6779, 0.43
6780, 0.54
6781, 0.89
6782, 0.48
6783, 0.51
6784, 0.80
6785, 0.43
6786, 0.41
6787, 0.56
6788, 0.45
6789, 0.88
6790, 0.35
6791, 0.49
6792, 0.90
6793, 0.34
6794, 0.38
6795, 0.68
6796, 0.87
6797, 0.50
6798, 0.88
6799, 0.21
6800, 0.84
6801, 0.86
6802, 0.54
6803, 0.54
6804, 0.16
6805, 0.82
6806, 0.57
6807, 0.51
6808, 0.18
6809, 0.22
6810, 0.17
6811, 0.58
6812, 0.46
6813, 0.44
6814, 0.38
6815, 0.53
6816, 0.46
6817, 0.51
6818, 0.47
6819, 0.75
6820, 0.40
6821, 0.78
6822, 0.43
6823, 0.50
6824, 0.35
6825, 0.71
6826, 0.68
6827, 0.23
6828, 0.34
6829, 0.49
6830, 0.33
6831, 0.89
6832, 0.24
6833, 0.83
6834, 0.46
6835, 0.38
6836, 0.43
6837, 0.19
6838, 0.51
6839, 0.45
6840, 0.19
6841, 0.45
6842, 0.50
6843, 0.58
6844, 0.39
6845, 0.44
6846, 0.47
6847, 0.88
6848, 0.37
6849, 0.50
6850, 0.48
6851, 0.22
6852, 0.43
6853, 0.43
6854, 0.65
6855, 0.43
6856, 0.54
6857, 0.43
6858, 0.56
6859, 0.47
6860, 0.50
6861, 0.88
6862, 0.89
6863, 0.55
6864, 0.53
6865, 0.21
6866, 0.54
6867, 0.59
6868, 0.58
6869, 0.56
6870, 0.57
6871, 0.43
6872, 0.49
6873, 0.86
6874, 0.52
6875, 0.52
6876, 0.43
6877, 0.40
6878, 0.22
6879, 0.46
6880, 0.49
6881, 0.52
6882, 0.50
6883, 0.54
6884, 0.63
6885, 0.44
6886, 0.43
6887, 0.47
6888, 0.54
6889, 0.20
6890, 0.82
6891, 0.56
6892, 0.89
6893, 0.54
6894, 0.87
6895, 0.89
6896, 0.31
6897, 0.84
6898, 0.55
6899, 0.51
6900, 0.89
6901, 0.46
6902, 0.46
6903, 0.23
6904, 0.44
6905, 0.46
6906, 0.21
6907, 0.40
6908, 0.43
6909, 0.24
6910, 0.47
6911, 0.83
6912, 0.47
6913, 0.44
6914, 0.39
6915, 0.28
6916, 0.40
6917, 0.52
6918, 0.45
6919, 0.49
6920, 0.45
6921, 0.51
6922, 0.52
6923, 0.16
6924, 0.49
6925, 0.42
6926, 0.58
6927, 0.38
6928, 0.54
6929, 0.39
6930, 0.34
6931, 0.68
6932, 0.88
6933, 0.53
6934, 0.44
6935, 0.56
6936, 0.90
6937, 0.57
6938, 0.50
6939, 0.23
6940, 0.89
6941, 0.53
6942, 0.43
6943, 0.42
6944, 0.46
6945, 0.54
6946, 0.39
6947, 0.67
6948, 0.19
6949, 0.90
6950, 0.49
6951, 0.56
6952, 0.66
6953, 0.40
6954, 0.50
6955, 0.48
6956, 0.21
6957, 0.27
6958, 0.22
6959, 0.54
6960, 0.24
6961, 0.89
6962, 0.24
6963, 0.46
6964, 0.52
6965, 0.89
6966, 0.42
6967, 0.45
6968, 0.49
6969, 0.39
6970, 0.22
6971, 0.33
6972, 0.44
6973, 0.50
6974, 0.64
6975, 0.42
6976, 0.46
6977, 0.20
6978, 0.47
6979, 0.39
6980, 0.56
6981, 0.16
6982, 0.43
6983, 0.60
6984, 0.41
6985, 0.17
6986, 0.50
6987, 0.56
6988, 0.52
6989, 0.68
6990, 0.52
6991, 0.47
6992, 0.31
6993, 0.54
6994, 0.56
6995, 0.85
6996, 0.53
6997, 0.90
6998, 0.53
6999, 0.45
7000, 0.50
7001, 0.70
7002, 0.55
7003, 0.52
7004, 0.88
7005, 0.65
7006, 0.47
7007, 0.43
7008, 0.56
7009, 0.51
7010, 0.54
7011, 0.39
7012, 0.22
7013, 0.63
7014, 0.48
7015, 0.56
7016, 0.39
7017, 0.40
7018, 0.21
7019, 0.49
7020, 0.56
7021, 0.41
7022, 0.19
7023, 0.62
7024, 0.54
7025, 0.38
7026, 0.61
7027, 0.18
7028, 0.42
7029, 0.49
7030, 0.39
7031, 0.52
7032, 0.52
7033, 0.24
7034, 0.83
7035, 0.79
7036, 0.72
7037, 0.17
7038, 0.47
7039, 0.54
7040, 0.46
7041, 0.52
7042, 0.44
7043, 0.39
7044, 0.43
7045, 0.50
7046, 0.52
7047, 0.40
7048, 0.57
7049, 0.62
7050, 0.56
7051, 0.44
7052, 0.39
7053, 0.42
7054, 0.56
7055, 0.47
7056, 0.45
7057, 0.40
7058, 0.51
7059, 0.25
7060, 0.46
7061, 0.20
7062, 0.52
7063, 0.45
7064, 0.37
7065, 0.88
7066, 0.45
7067, 0.47
7068, 0.43
7069, 0.50
7070, 0.50
7071, 0.57
7072, 0.85
7073, 0.21
7074, 0.39
7075, 0.17
7076, 0.52
7077, 0.18
7078, 0.38
7079, 0.88
7080, 0.86
7081, 0.56
7082, 0.17
7083, 0.28
7084, 0.42
7085, 0.49
7086, 0.44
7087, 0.88
7088, 0.49
7089, 0.51
7090, 0.42
7091, 0.51
7092, 0.52
7093, 0.42
7094, 0.17
7095, 0.52
7096, 0.53
7097, 0.44
7098, 0.50
7099, 0.47
7100, 0.52
7101, 0.42
7102, 0.60
7103, 0.43
7104, 0.51
7105, 0.60
7106, 0.85
7107, 0.40
7108, 0.51
7109, 0.54
7110, 0.19
7111, 0.52
7112, 0.35
7113, 0.62
7114, 0.46
7115, 0.42
7116, 0.50
7117, 0.28
7118, 0.53
7119, 0.68
7120, 0.46
7121, 0.38
7122, 0.40
7123, 0.87
7124, 0.45
7125, 0.42
7126, 0.39
7127, 0.45
7128, 0.43
7129, 0.47
7130, 0.85
7131, 0.61
7132, 0.42
7133, 0.18
7134, 0.27
7135, 0.53
7136, 0.49
7137, 0.24
7138, 0.57
7139, 0.56
7140, 0.17
7141, 0.44
7142, 0.25
7143, 0.36
7144, 0.38
7145, 0.81
7146, 0.40
7147, 0.42
7148, 0.45
7149, 0.85
7150, 0.53
7151, 0.43
7152, 0.31
7153, 0.43
7154, 0.49
7155, 0.82
7156, 0.47
7157, 0.68
7158, 0.56
7159, 0.57
7160, 0.39
7161, 0.19
7162, 0.23
7163, 0.40
7164, 0.66
7165, 0.62
7166, 0.87
7167, 0.41
7168, 0.38
7169, 0.39
7170, 0.74
7171, 0.25
7172, 0.44
7173, 0.33
7174, 0.50
7175, 0.44
7176, 0.60
7177, 0.51
7178, 0.45
7179, 0.88
7180, 0.85
7181, 0.84
7182, 0.29
7183, 0.89
7184, 0.70
7185, 0.53
7186, 0.22
7187, 0.46
7188, 0.44
7189, 0.31
7190, 0.61
7191, 0.49
7192, 0.85
7193, 0.47
7194, 0.54
7195, 0.60
7196, 0.53
7197, 0.29
7198, 0.49
7199, 0.25
7200, 0.87
7201, 0.50
7202, 0.50
7203, 0.40
7204, 0.21
7205, 0.49
7206, 0.36
7207, 0.39
7208, 0.66
7209, 0.43
7210, 0.47
7211, 0.50
7212, 0.34
7213, 0.57
7214, 0.49
7215, 0.22
7216, 0.89
7217, 0.88
7218, 0.59
7219, 0.55
7220, 0.49
7221, 0.59
7222, 0.86
7223, 0.39
7224, 0.50
7225, 0.87
7226, 0.44
7227, 0.39
7228, 0.43
7229, 0.30
7230, 0.38
7231, 0.48
7232, 0.41
7233, 0.52
7234, 0.48
7235, 0.18
7236, 0.59
7237, 0.51
7238, 0.43
7239, 0.39
7240, 0.40
7241, 0.47
7242, 0.47
7243, 0.48
7244, 0.52
7245, 0.37
7246, 0.29
7247, 0.37
7248, 0.33
7249, 0.49
7250, 0.48
7251, 0.61
7252, 0.68
7253, 0.53
7254, 0.42
7255, 0.88
7256, 0.46
7257, 0.47
7258, 0.86
7259, 0.51
7260, 0.34
7261, 0.34
7262, 0.69
7263, 0.58
7264, 0.47
7265, 0.37
7266, 0.40
7267, 0.89
7268, 0.49
7269, 0.83
7270, 0.39
7271, 0.45
7272, 0.43
7273, 0.46
7274, 0.85
7275, 0.84
7276, 0.53
7277, 0.46
7278, 0.59
7279, 0.45
7280, 0.46
7281, 0.41
7282, 0.41
7283, 0.42
7284, 0.48
7285, 0.60
7286, 0.50
7287, 0.54
7288, 0.56
7289, 0.51
7290, 0.49
7291, 0.65
7292, 0.44
7293, 0.59
7294, 0.36
7295, 0.21
7296, 0.85
7297, 0.66
7298, 0.87
7299, 0.61
7300, 0.47
7301, 0.45
7302, 0.52
7303, 0.45
7304, 0.18
7305, 0.66
7306, 0.52
7307, 0.49
7308, 0.26
7309, 0.38
7310, 0.48
7311, 0.38
7312, 0.51
7313, 0.45
7314, 0.40
7315, 0.47
7316, 0.43
7317, 0.49
7318, 0.35
7319, 0.50
7320, 0.42
7321, 0.53
7322, 0.85
7323, 0.31
7324, 0.85
7325, 0.55
7326, 0.43
7327, 0.52
7328, 0.47
7329, 0.51
7330, 0.43
7331, 0.52
7332, 0.38
7333, 0.51
7334, 0.66
7335, 0.50
7336, 0.43
7337, 0.46
7338, 0.46
7339, 0.52
7340, 0.39
7341, 0.49
7342, 0.84
7343, 0.55
7344, 0.38
7345, 0.22
7346, 0.47
7347, 0.86
7348, 0.34
7349, 0.90
7350, 0.34
7351, 0.71
7352, 0.52
7353, 0.40
7354, 0.88
7355, 0.89
7356, 0.49
7357, 0.39
7358, 0.27
7359, 0.52
7360, 0.54
7361, 0.64
7362, 0.88
7363, 0.44
7364, 0.55
7365, 0.50
7366, 0.46
7367, 0.87
7368, 0.45
7369, 0.47
7370, 0.49
7371, 0.42
7372, 0.34
7373, 0.89
7374, 0.47
7375, 0.54
7376, 0.90
7377, 0.21
7378, 0.54
7379, 0.48
7380, 0.54
7381, 0.44
7382, 0.35
7383, 0.76
7384, 0.57
7385, 0.20
7386, 0.51
7387, 0.46
7388, 0.48
7389, 0.86
7390, 0.57
7391, 0.52
7392, 0.38
7393, 0.46
7394, 0.85
7395, 0.53
7396, 0.51
7397, 0.51
7398, 0.40
7399, 0.32
7400, 0.46
7401, 0.90
7402, 0.54
7403, 0.43
7404, 0.45
7405, 0.48
7406, 0.24
7407, 0.50
7408, 0.46
7409, 0.21
7410, 0.38
7411, 0.18
7412, 0.42
7413, 0.20
7414, 0.80
7415, 0.56
7416, 0.16
7417, 0.87
7418, 0.21
7419, 0.46
7420, 0.89
7421, 0.46
