# ID,Predicted
0, 0.41
1, 0.27
2, 0.57
3, 0.39
4, 0.90
5, 0.27
6, 0.63
7, 0.42
8, 0.51
9, 0.70
10, 0.53
11, 0.59
12, 0.48
13, 0.56
14, 0.88
15, 0.93
16, 0.90
17, 0.59
18, 0.59
19, 0.42
20, 0.50
21, 0.89
22, 0.52
23, 0.55
24, 0.54
25, 0.55
26, 0.61
27, 0.54
28, 0.56
29, 0.55
30, 0.53
31, 0.51
32, 0.55
33, 0.40
34, 0.64
35, 0.45
36, 0.49
37, 0.54
38, 0.54
39, 0.92
40, 0.58
41, 0.42
42, 0.56
43, 0.42
44, 0.89
45, 0.55
46, 0.57
47, 0.29
48, 0.47
49, 0.58
50, 0.34
51, 0.29
52, 0.21
53, 0.51
54, 0.46
55, 0.53
56, 0.51
57, 0.39
58, 0.34
59, 0.57
60, 0.61
61, 0.49
62, 0.27
63, 0.89
64, 0.92
65, 0.50
66, 0.70
67, 0.52
68, 0.22
69, 0.52
70, 0.62
71, 0.94
72, 0.86
73, 0.47
74, 0.21
75, 0.71
76, 0.54
77, 0.50
78, 0.53
79, 0.27
80, 0.57
81, 0.51
82, 0.52
83, 0.94
84, 0.60
85, 0.65
86, 0.57
87, 0.54
88, 0.49
89, 0.94
90, 0.52
91, 0.92
92, 0.56
93, 0.52
94, 0.91
95, 0.48
96, 0.33
97, 0.49
98, 0.93
99, 0.47
100, 0.55
101, 0.54
102, 0.22
103, 0.64
104, 0.61
105, 0.53
106, 0.49
107, 0.50
108, 0.50
109, 0.67
110, 0.25
111, 0.57
112, 0.45
113, 0.55
114, 0.52
115, 0.51
116, 0.59
117, 0.56
118, 0.22
119, 0.46
120, 0.26
121, 0.73
122, 0.50
123, 0.44
124, 0.50
125, 0.23
126, 0.67
127, 0.65
128, 0.59
129, 0.49
130, 0.26
131, 0.89
132, 0.30
133, 0.51
134, 0.54
135, 0.58
136, 0.33
137, 0.33
138, 0.53
139, 0.68
140, 0.53
141, 0.49
142, 0.55
143, 0.92
144, 0.93
145, 0.56
146, 0.54
147, 0.52
148, 0.52
149, 0.38
150, 0.40
151, 0.93
152, 0.25
153, 0.38
154, 0.54
155, 0.63
156, 0.30
157, 0.58
158, 0.56
159, 0.37
160, 0.56
161, 0.55
162, 0.72
163, 0.26
164, 0.54
165, 0.66
166, 0.32
167, 0.50
168, 0.93
169, 0.43
170, 0.45
171, 0.51
172, 0.74
173, 0.66
174, 0.42
175, 0.63
176, 0.35
177, 0.24
178, 0.57
179, 0.48
180, 0.48
181, 0.53
182, 0.87
183, 0.52
184, 0.37
185, 0.53
186, 0.55
187, 0.50
188, 0.64
189, 0.54
190, 0.63
191, 0.50
192, 0.53
193, 0.49
194, 0.41
195, 0.23
196, 0.58
197, 0.69
198, 0.26
199, 0.25
200, 0.50
201, 0.47
202, 0.49
203, 0.48
204, 0.68
205, 0.45
206, 0.25
207, 0.52
208, 0.92
209, 0.55
210, 0.47
211, 0.56
212, 0.48
213, 0.59
214, 0.44
215, 0.56
216, 0.56
217, 0.58
218, 0.49
219, 0.25
220, 0.25
221, 0.52
222, 0.33
223, 0.28
224, 0.51
225, 0.52
226, 0.49
227, 0.84
228, 0.62
229, 0.45
230, 0.27
231, 0.26
232, 0.53
233, 0.44
234, 0.32
235, 0.32
236, 0.55
237, 0.27
238, 0.57
239, 0.46
240, 0.45
241, 0.59
242, 0.24
243, 0.26
244, 0.51
245, 0.48
246, 0.57
247, 0.62
248, 0.51
249, 0.26
250, 0.92
251, 0.52
252, 0.54
253, 0.29
254, 0.49
255, 0.59
256, 0.57
257, 0.59
258, 0.63
259, 0.48
260, 0.24
261, 0.28
262, 0.30
263, 0.94
264, 0.54
265, 0.56
266, 0.47
267, 0.68
268, 0.50
269, 0.53
270, 0.55
271, 0.58
272, 0.47
273, 0.49
274, 0.60
275, 0.58
276, 0.48
277, 0.29
278, 0.70
279, 0.43
280, 0.93
281, 0.65
282, 0.94
283, 0.54
284, 0.62
285, 0.64
286, 0.53
287, 0.54
288, 0.93
289, 0.50
290, 0.55
291, 0.47
292, 0.91
293, 0.47
294, 0.29
295, 0.58
296, 0.26
297, 0.46
298, 0.38
299, 0.51
300, 0.48
301, 0.51
302, 0.41
303, 0.51
304, 0.53
305, 0.57
306, 0.54
307, 0.58
308, 0.53
309, 0.49
310, 0.56
311, 0.25
312, 0.94
313, 0.48
314, 0.53
315, 0.52
316, 0.53
317, 0.68
318, 0.44
319, 0.26
320, 0.36
321, 0.94
322, 0.30
323, 0.26
324, 0.64
325, 0.88
326, 0.63
327, 0.43
328, 0.47
329, 0.51
330, 0.30
331, 0.52
332, 0.25
333, 0.26
334, 0.93
335, 0.62
336, 0.44
337, 0.51
338, 0.54
339, 0.59
340, 0.54
341, 0.57
342, 0.47
343, 0.25
344, 0.92
345, 0.54
346, 0.31
347, 0.42
348, 0.47
349, 0.61
350, 0.89
351, 0.47
352, 0.61
353, 0.64
354, 0.55
355, 0.52
356, 0.45
357, 0.33
358, 0.50
359, 0.50
360, 0.49
361, 0.57
362, 0.52
363, 0.59
364, 0.57
365, 0.57
366, 0.58
367, 0.90
368, 0.51
369, 0.31
370, 0.47
371, 0.76
372, 0.47
373, 0.74
374, 0.89
375, 0.58
376, 0.55
377, 0.47
378, 0.54
379, 0.51
380, 0.54
381, 0.29
382, 0.27
383, 0.55
384, 0.53
385, 0.44
386, 0.29
387, 0.53
388, 0.64
389, 0.28
390, 0.92
391, 0.51
392, 0.58
393, 0.48
394, 0.58
395, 0.54
396, 0.56
397, 0.28
398, 0.51
399, 0.82
400, 0.55
401, 0.58
402, 0.60
403, 0.58
404, 0.36
405, 0.55
406, 0.32
407, 0.56
408, 0.56
409, 0.42
410, 0.28
411, 0.46
412, 0.52
413, 0.54
414, 0.24
415, 0.47
416, 0.47
417, 0.89
418, 0.53
419, 0.52
420, 0.59
421, 0.55
422, 0.51
423, 0.61
424, 0.94
425, 0.69
426, 0.55
427, 0.75
428, 0.94
429, 0.29
430, 0.51
431, 0.51
432, 0.56
433, 0.32
434, 0.94
435, 0.59
436, 0.60
437, 0.51
438, 0.54
439, 0.27
440, 0.91
441, 0.53
442, 0.37
443, 0.44
444, 0.59
445, 0.53
446, 0.54
447, 0.28
448, 0.51
449, 0.83
450, 0.55
451, 0.27
452, 0.63
453, 0.46
454, 0.45
455, 0.45
456, 0.47
457, 0.45
458, 0.59
459, 0.49
460, 0.65
461, 0.56
462, 0.56
463, 0.93
464, 0.90
465, 0.51
466, 0.55
467, 0.60
468, 0.92
469, 0.56
470, 0.49
471, 0.52
472, 0.40
473, 0.59
474, 0.87
475, 0.75
476, 0.95
477, 0.54
478, 0.28
479, 0.38
480, 0.49
481, 0.90
482, 0.94
483, 0.57
484, 0.33
485, 0.61
486, 0.40
487, 0.91
488, 0.47
489, 0.46
490, 0.37
491, 0.26
492, 0.50
493, 0.54
494, 0.47
495, 0.39
496, 0.33
497, 0.60
498, 0.82
499, 0.71
500, 0.86
501, 0.44
502, 0.26
503, 0.57
504, 0.57
505, 0.94
506, 0.62
507, 0.93
508, 0.54
509, 0.44
510, 0.60
511, 0.55
512, 0.46
513, 0.46
514, 0.48
515, 0.59
516, 0.36
517, 0.73
518, 0.43
519, 0.46
520, 0.30
521, 0.57
522, 0.28
523, 0.49
524, 0.57
525, 0.52
526, 0.48
527, 0.62
528, 0.56
529, 0.47
530, 0.54
531, 0.57
532, 0.49
533, 0.61
534, 0.45
535, 0.54
536, 0.45
537, 0.54
538, 0.54
539, 0.30
540, 0.93
541, 0.53
542, 0.56
543, 0.94
544, 0.53
545, 0.53
546, 0.92
547, 0.50
548, 0.45
549, 0.44
550, 0.42
551, 0.48
552, 0.93
553, 0.29
554, 0.60
555, 0.52
556, 0.26
557, 0.94
558, 0.63
559, 0.68
560, 0.53
561, 0.40
562, 0.70
563, 0.94
564, 0.47
565, 0.89
566, 0.50
567, 0.92
568, 0.47
569, 0.91
570, 0.55
571, 0.57
572, 0.58
573, 0.23
574, 0.55
575, 0.60
576, 0.63
577, 0.64
578, 0.56
579, 0.68
580, 0.51
581, 0.57
582, 0.45
583, 0.51
584, 0.42
585, 0.48
586, 0.31
587, 0.53
588, 0.30
589, 0.31
590, 0.48
591, 0.62
592, 0.57
593, 0.94
594, 0.59
595, 0.90
596, 0.48
597, 0.55
598, 0.59
599, 0.59
600, 0.62
601, 0.94
602, 0.71
603, 0.45
604, 0.60
605, 0.29
606, 0.40
607, 0.26
608, 0.94
609, 0.43
610, 0.55
611, 0.59
612, 0.46
613, 0.51
614, 0.60
615, 0.45
616, 0.44
617, 0.56
618, 0.40
619, 0.29
620, 0.53
621, 0.57
622, 0.54
623, 0.54
624, 0.44
625, 0.52
626, 0.43
627, 0.94
628, 0.52
629, 0.62
630, 0.50
631, 0.46
632, 0.30
633, 0.54
634, 0.88
635, 0.58
636, 0.96
637, 0.56
638, 0.36
639, 0.57
640, 0.45
641, 0.57
642, 0.54
643, 0.63
644, 0.53
645, 0.54
646, 0.44
647, 0.46
648, 0.93
649, 0.57
650, 0.45
651, 0.56
652, 0.68
653, 0.65
654, 0.90
655, 0.37
656, 0.60
657, 0.53
658, 0.28
659, 0.49
660, 0.93
661, 0.53
662, 0.58
663, 0.51
664, 0.42
665, 0.44
666, 0.50
667, 0.91
668, 0.57
669, 0.90
670, 0.50
671, 0.61
672, 0.95
673, 0.69
674, 0.54
675, 0.93
676, 0.27
677, 0.29
678, 0.26
679, 0.52
680, 0.94
681, 0.88
682, 0.53
683, 0.40
684, 0.61
685, 0.48
686, 0.55
687, 0.60
688, 0.41
689, 0.27
690, 0.66
691, 0.65
692, 0.59
693, 0.44
694, 0.67
695, 0.46
696, 0.61
697, 0.55
698, 0.43
699, 0.55
700, 0.41
701, 0.41
702, 0.51
703, 0.49
704, 0.40
705, 0.48
706, 0.39
707, 0.27
708, 0.45
709, 0.27
710, 0.92
711, 0.53
712, 0.59
713, 0.50
714, 0.56
715, 0.42
716, 0.31
717, 0.43
718, 0.48
719, 0.53
720, 0.22
721, 0.60
722, 0.29
723, 0.47
724, 0.42
725, 0.54
726, 0.53
727, 0.52
728, 0.52
729, 0.38
730, 0.45
731, 0.28
732, 0.48
733, 0.93
734, 0.32
735, 0.43
736, 0.55
737, 0.24
738, 0.54
739, 0.42
740, 0.57
741, 0.26
742, 0.51
743, 0.38
744, 0.91
745, 0.48
746, 0.43
747, 0.58
748, 0.38
749, 0.78
750, 0.56
751, 0.50
752, 0.62
753, 0.91
754, 0.55
755, 0.42
756, 0.57
757, 0.68
758, 0.25
759, 0.55
760, 0.21
761, 0.60
762, 0.48
763, 0.44
764, 0.40
765, 0.28
766, 0.69
767, 0.45
768, 0.29
769, 0.48
770, 0.65
771, 0.64
772, 0.51
773, 0.56
774, 0.53
775, 0.51
776, 0.64
777, 0.48
778, 0.62
779, 0.56
780, 0.51
781, 0.63
782, 0.65
783, 0.48
784, 0.57
785, 0.44
786, 0.51
787, 0.45
788, 0.89
789, 0.28
790, 0.32
791, 0.64
792, 0.46
793, 0.35
794, 0.49
795, 0.56
796, 0.29
797, 0.56
798, 0.59
799, 0.94
800, 0.55
801, 0.70
802, 0.57
803, 0.88
804, 0.46
805, 0.50
806, 0.43
807, 0.61
808, 0.28
809, 0.24
810, 0.52
811, 0.60
812, 0.90
813, 0.25
814, 0.48
815, 0.38
816, 0.78
817, 0.40
818, 0.38
819, 0.53
820, 0.54
821, 0.25
822, 0.89
823, 0.54
824, 0.38
825, 0.26
826, 0.56
827, 0.60
828, 0.91
829, 0.57
830, 0.33
831, 0.59
832, 0.47
833, 0.53
834, 0.59
835, 0.47
836, 0.68
837, 0.50
838, 0.69
839, 0.51
840, 0.24
841, 0.53
842, 0.47
843, 0.62
844, 0.45
845, 0.49
846, 0.61
847, 0.21
848, 0.44
849, 0.57
850, 0.25
851, 0.54
852, 0.29
853, 0.51
854, 0.59
855, 0.94
856, 0.50
857, 0.48
858, 0.54
859, 0.64
860, 0.62
861, 0.42
862, 0.59
863, 0.54
864, 0.61
865, 0.55
866, 0.50
867, 0.28
868, 0.52
869, 0.49
870, 0.25
871, 0.61
872, 0.92
873, 0.93
874, 0.24
875, 0.21
876, 0.47
877, 0.59
878, 0.49
879, 0.57
880, 0.61
881, 0.50
882, 0.46
883, 0.62
884, 0.44
885, 0.46
886, 0.94
887, 0.48
888, 0.63
889, 0.49
890, 0.88
891, 0.53
892, 0.60
893, 0.42
894, 0.93
895, 0.58
896, 0.50
897, 0.53
898, 0.48
899, 0.23
900, 0.51
901, 0.52
902, 0.56
903, 0.50
904, 0.94
905, 0.94
906, 0.48
907, 0.54
908, 0.32
909, 0.45
910, 0.89
911, 0.57
912, 0.41
913, 0.42
914, 0.38
915, 0.48
916, 0.57
917, 0.95
918, 0.52
919, 0.56
920, 0.52
921, 0.52
922, 0.46
923, 0.59
924, 0.59
925, 0.52
926, 0.49
927, 0.94
928, 0.25
929, 0.91
930, 0.53
931, 0.45
932, 0.42
933, 0.50
934, 0.55
935, 0.43
936, 0.57
937, 0.41
938, 0.56
939, 0.72
940, 0.56
941, 0.25
942, 0.48
943, 0.53
944, 0.47
945, 0.42
946, 0.60
947, 0.92
948, 0.29
949, 0.34
950, 0.54
951, 0.57
952, 0.43
953, 0.59
954, 0.43
955, 0.44
956, 0.53
957, 0.55
958, 0.54
959, 0.26
960, 0.41
961, 0.62
962, 0.55
963, 0.83
964, 0.52
965, 0.45
966, 0.42
967, 0.59
968, 0.44
969, 0.55
970, 0.45
971, 0.30
972, 0.55
973, 0.24
974, 0.60
975, 0.58
976, 0.62
977, 0.57
978, 0.45
979, 0.60
980, 0.52
981, 0.53
982, 0.50
983, 0.54
984, 0.50
985, 0.56
986, 0.32
987, 0.55
988, 0.59
989, 0.49
990, 0.28
991, 0.30
992, 0.45
993, 0.51
994, 0.28
995, 0.47
996, 0.57
997, 0.55
998, 0.37
999, 0.55
1000, 0.52
1001, 0.54
1002, 0.46
1003, 0.57
1004, 0.95
1005, 0.31
1006, 0.41
1007, 0.93
1008, 0.56
1009, 0.44
1010, 0.52
1011, 0.44
1012, 0.62
1013, 0.45
1014, 0.22
1015, 0.54
1016, 0.62
1017, 0.52
1018, 0.57
1019, 0.64
1020, 0.30
1021, 0.63
1022, 0.57
1023, 0.55
1024, 0.54
1025, 0.41
1026, 0.93
1027, 0.57
1028, 0.94
1029, 0.55
1030, 0.26
1031, 0.91
1032, 0.55
1033, 0.55
1034, 0.55
1035, 0.87
1036, 0.53
1037, 0.49
1038, 0.56
1039, 0.61
1040, 0.58
1041, 0.62
1042, 0.94
1043, 0.50
1044, 0.46
1045, 0.58
1046, 0.45
1047, 0.45
1048, 0.46
1049, 0.38
1050, 0.48
1051, 0.82
1052, 0.62
1053, 0.38
1054, 0.26
1055, 0.93
1056, 0.21
1057, 0.44
1058, 0.56
1059, 0.53
1060, 0.56
1061, 0.48
1062, 0.56
1063, 0.53
1064, 0.94
1065, 0.48
1066, 0.95
1067, 0.43
1068, 0.31
1069, 0.57
1070, 0.83
1071, 0.54
1072, 0.58
1073, 0.59
1074, 0.25
1075, 0.27
1076, 0.44
1077, 0.50
1078, 0.47
1079, 0.32
1080, 0.24
1081, 0.48
1082, 0.55
1083, 0.94
1084, 0.62
1085, 0.65
1086, 0.50
1087, 0.55
1088, 0.57
1089, 0.56
1090, 0.52
1091, 0.51
1092, 0.37
1093, 0.50
1094, 0.49
1095, 0.52
1096, 0.50
1097, 0.55
1098, 0.65
1099, 0.49
1100, 0.59
1101, 0.38
1102, 0.62
1103, 0.47
1104, 0.53
1105, 0.54
1106, 0.47
1107, 0.52
1108, 0.49
1109, 0.32
1110, 0.60
1111, 0.42
1112, 0.58
1113, 0.56
1114, 0.87
1115, 0.64
1116, 0.59
1117, 0.41
1118, 0.72
1119, 0.70
1120, 0.89
1121, 0.46
1122, 0.52
1123, 0.66
1124, 0.92
1125, 0.33
1126, 0.45
1127, 0.47
1128, 0.63
1129, 0.24
1130, 0.56
1131, 0.53
1132, 0.57
1133, 0.55
1134, 0.48
1135, 0.44
1136, 0.45
1137, 0.50
1138, 0.53
1139, 0.50
1140, 0.90
1141, 0.27
1142, 0.34
1143, 0.62
1144, 0.57
1145, 0.50
1146, 0.52
1147, 0.27
1148, 0.93
1149, 0.93
1150, 0.52
1151, 0.44
1152, 0.93
1153, 0.25
1154, 0.23
1155, 0.24
1156, 0.28
1157, 0.46
1158, 0.46
1159, 0.57
1160, 0.57
1161, 0.53
1162, 0.50
1163, 0.50
1164, 0.47
1165, 0.94
1166, 0.52
1167, 0.52
1168, 0.62
1169, 0.58
1170, 0.48
1171, 0.56
1172, 0.93
1173, 0.49
1174, 0.94
1175, 0.63
1176, 0.58
1177, 0.47
1178, 0.47
1179, 0.52
1180, 0.45
1181, 0.51
1182, 0.39
1183, 0.55
1184, 0.73
1185, 0.52
1186, 0.94
1187, 0.65
1188, 0.49
1189, 0.58
1190, 0.53
1191, 0.93
1192, 0.49
1193, 0.59
1194, 0.55
1195, 0.59
1196, 0.48
1197, 0.48
1198, 0.48
1199, 0.93
1200, 0.48
1201, 0.47
1202, 0.53
1203, 0.94
1204, 0.50
1205, 0.55
1206, 0.53
1207, 0.53
1208, 0.43
1209, 0.34
1210, 0.50
1211, 0.66
1212, 0.51
1213, 0.58
1214, 0.46
1215, 0.57
1216, 0.57
1217, 0.33
1218, 0.42
1219, 0.49
1220, 0.25
1221, 0.91
1222, 0.54
1223, 0.60
1224, 0.69
1225, 0.50
1226, 0.53
1227, 0.28
1228, 0.60
1229, 0.54
1230, 0.60
1231, 0.56
1232, 0.66
1233, 0.34
1234, 0.58
1235, 0.46
1236, 0.56
1237, 0.50
1238, 0.57
1239, 0.28
1240, 0.50
1241, 0.23
1242, 0.55
1243, 0.71
1244, 0.41
1245, 0.56
1246, 0.51
1247, 0.23
1248, 0.71
1249, 0.51
1250, 0.55
1251, 0.60
1252, 0.63
1253, 0.59
1254, 0.51
1255, 0.55
1256, 0.95
1257, 0.90
1258, 0.62
1259, 0.47
1260, 0.37
1261, 0.58
1262, 0.49
1263, 0.38
1264, 0.56
1265, 0.57
1266, 0.67
1267, 0.50
1268, 0.60
1269, 0.45
1270, 0.29
1271, 0.51
1272, 0.61
1273, 0.94
1274, 0.54
1275, 0.47
1276, 0.54
1277, 0.44
1278, 0.54
1279, 0.91
1280, 0.47
1281, 0.54
1282, 0.51
1283, 0.56
1284, 0.57
1285, 0.89
1286, 0.83
1287, 0.67
1288, 0.57
1289, 0.49
1290, 0.54
1291, 0.94
1292, 0.43
1293, 0.94
1294, 0.55
1295, 0.55
1296, 0.51
1297, 0.62
1298, 0.43
1299, 0.60
1300, 0.42
1301, 0.65
1302, 0.27
1303, 0.52
1304, 0.40
1305, 0.58
1306, 0.95
1307, 0.55
1308, 0.51
1309, 0.36
1310, 0.45
1311, 0.50
1312, 0.28
1313, 0.52
1314, 0.30
1315, 0.94
1316, 0.43
1317, 0.26
1318, 0.57
1319, 0.57
1320, 0.54
1321, 0.50
1322, 0.27
1323, 0.61
1324, 0.46
1325, 0.60
1326, 0.56
1327, 0.44
1328, 0.85
1329, 0.78
1330, 0.47
1331, 0.54
1332, 0.91
1333, 0.46
1334, 0.60
1335, 0.61
1336, 0.52
1337, 0.44
1338, 0.56
1339, 0.93
1340, 0.51
1341, 0.27
1342, 0.49
1343, 0.60
1344, 0.53
1345, 0.94
1346, 0.45
1347, 0.47
1348, 0.33
1349, 0.49
1350, 0.54
1351, 0.35
1352, 0.25
1353, 0.46
1354, 0.60
1355, 0.54
1356, 0.38
1357, 0.51
1358, 0.68
1359, 0.40
1360, 0.50
1361, 0.46
1362, 0.93
1363, 0.48
1364, 0.51
1365, 0.50
1366, 0.53
1367, 0.88
1368, 0.55
1369, 0.60
1370, 0.91
1371, 0.37
1372, 0.55
1373, 0.37
1374, 0.27
1375, 0.95
1376, 0.57
1377, 0.22
1378, 0.55
1379, 0.55
1380, 0.53
1381, 0.58
1382, 0.35
1383, 0.46
1384, 0.61
1385, 0.62
1386, 0.59
1387, 0.48
1388, 0.53
1389, 0.53
1390, 0.59
1391, 0.74
1392, 0.53
1393, 0.57
1394, 0.91
1395, 0.52
1396, 0.60
1397, 0.27
1398, 0.51
1399, 0.54
1400, 0.51
1401, 0.48
1402, 0.51
1403, 0.30
1404, 0.30
1405, 0.26
1406, 0.45
1407, 0.62
1408, 0.56
1409, 0.62
1410, 0.94
1411, 0.51
1412, 0.94
1413, 0.57
1414, 0.60
1415, 0.25
1416, 0.56
1417, 0.48
1418, 0.46
1419, 0.46
1420, 0.58
1421, 0.38
1422, 0.52
1423, 0.47
1424, 0.51
1425, 0.58
1426, 0.57
1427, 0.57
1428, 0.59
1429, 0.24
1430, 0.55
1431, 0.56
1432, 0.56
1433, 0.54
1434, 0.66
1435, 0.28
1436, 0.48
1437, 0.58
1438, 0.25
1439, 0.64
1440, 0.52
1441, 0.49
1442, 0.49
1443, 0.46
1444, 0.62
1445, 0.39
1446, 0.29
1447, 0.20
1448, 0.25
1449, 0.35
1450, 0.53
1451, 0.62
1452, 0.89
1453, 0.90
1454, 0.35
1455, 0.53
1456, 0.47
1457, 0.52
1458, 0.25
1459, 0.52
1460, 0.45
1461, 0.29
1462, 0.53
1463, 0.22
1464, 0.58
1465, 0.30
1466, 0.59
1467, 0.32
1468, 0.65
1469, 0.59
1470, 0.51
1471, 0.52
1472, 0.27
1473, 0.29
1474, 0.49
1475, 0.91
1476, 0.44
1477, 0.54
1478, 0.25
1479, 0.48
1480, 0.77
1481, 0.59
1482, 0.49
1483, 0.64
1484, 0.56
1485, 0.53
1486, 0.55
1487, 0.95
1488, 0.29
1489, 0.65
1490, 0.27
1491, 0.51
1492, 0.65
1493, 0.50
1494, 0.68
1495, 0.94
1496, 0.49
1497, 0.69
1498, 0.23
1499, 0.41
1500, 0.39
1501, 0.51
1502, 0.43
1503, 0.65
1504, 0.43
1505, 0.69
1506, 0.56
1507, 0.59
1508, 0.61
1509, 0.49
1510, 0.61
1511, 0.54
1512, 0.40
1513, 0.42
1514, 0.33
1515, 0.52
1516, 0.54
1517, 0.53
1518, 0.61
1519, 0.31
1520, 0.27
1521, 0.26
1522, 0.50
1523, 0.25
1524, 0.49
1525, 0.61
1526, 0.32
1527, 0.27
1528, 0.65
1529, 0.63
1530, 0.49
1531, 0.92
1532, 0.36
1533, 0.69
1534, 0.56
1535, 0.65
1536, 0.48
1537, 0.63
1538, 0.94
1539, 0.55
1540, 0.52
1541, 0.91
1542, 0.64
1543, 0.41
1544, 0.55
1545, 0.56
1546, 0.62
1547, 0.53
1548, 0.55
1549, 0.62
1550, 0.29
1551, 0.46
1552, 0.51
1553, 0.44
1554, 0.53
1555, 0.25
1556, 0.37
1557, 0.93
1558, 0.49
1559, 0.46
1560, 0.93
1561, 0.52
1562, 0.33
1563, 0.29
1564, 0.90
1565, 0.90
1566, 0.53
1567, 0.63
1568, 0.54
1569, 0.93
1570, 0.59
1571, 0.90
1572, 0.94
1573, 0.25
1574, 0.28
1575, 0.49
1576, 0.91
1577, 0.94
1578, 0.94
1579, 0.46
1580, 0.32
1581, 0.44
1582, 0.44
1583, 0.61
1584, 0.27
1585, 0.52
1586, 0.29
1587, 0.57
1588, 0.60
1589, 0.89
1590, 0.53
1591, 0.89
1592, 0.57
1593, 0.51
1594, 0.47
1595, 0.29
1596, 0.60
1597, 0.60
1598, 0.81
1599, 0.56
1600, 0.25
1601, 0.48
1602, 0.70
1603, 0.57
1604, 0.51
1605, 0.28
1606, 0.57
1607, 0.55
1608, 0.54
1609, 0.44
1610, 0.61
1611, 0.56
1612, 0.41
1613, 0.29
1614, 0.85
1615, 0.93
1616, 0.48
1617, 0.59
1618, 0.73
1619, 0.51
1620, 0.94
1621, 0.55
1622, 0.91
1623, 0.52
1624, 0.67
1625, 0.60
1626, 0.50
1627, 0.61
1628, 0.59
1629, 0.51
1630, 0.68
1631, 0.56
1632, 0.44
1633, 0.44
1634, 0.59
1635, 0.53
1636, 0.93
1637, 0.62
1638, 0.56
1639, 0.29
1640, 0.24
1641, 0.47
1642, 0.93
1643, 0.67
1644, 0.53
1645, 0.49
1646, 0.24
1647, 0.92
1648, 0.64
1649, 0.25
1650, 0.49
1651, 0.48
1652, 0.26
1653, 0.94
1654, 0.30
1655, 0.57
1656, 0.40
1657, 0.40
1658, 0.50
1659, 0.61
1660, 0.60
1661, 0.23
1662, 0.54
1663, 0.61
1664, 0.52
1665, 0.92
1666, 0.48
1667, 0.61
1668, 0.27
1669, 0.55
1670, 0.56
1671, 0.93
1672, 0.46
1673, 0.56
1674, 0.51
1675, 0.23
1676, 0.45
1677, 0.65
1678, 0.54
1679, 0.86
1680, 0.55
1681, 0.64
1682, 0.91
1683, 0.44
1684, 0.48
1685, 0.66
1686, 0.63
1687, 0.56
1688, 0.27
1689, 0.48
1690, 0.57
1691, 0.60
1692, 0.42
1693, 0.25
1694, 0.59
1695, 0.57
1696, 0.56
1697, 0.94
1698, 0.43
1699, 0.52
1700, 0.46
1701, 0.60
1702, 0.65
1703, 0.94
1704, 0.42
1705, 0.57
1706, 0.94
1707, 0.46
1708, 0.55
1709, 0.55
1710, 0.29
1711, 0.55
1712, 0.55
1713, 0.59
1714, 0.57
1715, 0.93
1716, 0.79
1717, 0.56
1718, 0.28
1719, 0.43
1720, 0.51
1721, 0.53
1722, 0.50
1723, 0.45
1724, 0.51
1725, 0.58
1726, 0.89
1727, 0.49
1728, 0.53
1729, 0.87
1730, 0.44
1731, 0.47
1732, 0.57
1733, 0.58
1734, 0.50
1735, 0.54
1736, 0.59
1737, 0.29
1738, 0.92
1739, 0.50
1740, 0.91
1741, 0.63
1742, 0.55
1743, 0.33
1744, 0.40
1745, 0.52
1746, 0.52
1747, 0.49
1748, 0.51
1749, 0.51
1750, 0.66
1751, 0.40
1752, 0.49
1753, 0.64
1754, 0.87
1755, 0.63
1756, 0.43
1757, 0.87
1758, 0.50
1759, 0.67
1760, 0.49
1761, 0.68
1762, 0.49
1763, 0.56
1764, 0.61
1765, 0.60
1766, 0.60
1767, 0.91
1768, 0.45
1769, 0.59
1770, 0.43
1771, 0.50
1772, 0.47
1773, 0.50
1774, 0.52
1775, 0.56
1776, 0.51
1777, 0.53
1778, 0.59
1779, 0.47
1780, 0.93
1781, 0.57
1782, 0.46
1783, 0.54
1784, 0.29
1785, 0.53
1786, 0.55
1787, 0.90
1788, 0.56
1789, 0.50
1790, 0.58
1791, 0.29
1792, 0.56
1793, 0.57
1794, 0.46
1795, 0.21
1796, 0.37
1797, 0.63
1798, 0.26
1799, 0.51
1800, 0.93
1801, 0.52
1802, 0.53
1803, 0.62
1804, 0.47
1805, 0.51
1806, 0.92
1807, 0.58
1808, 0.56
1809, 0.56
1810, 0.58
1811, 0.51
1812, 0.53
1813, 0.64
1814, 0.52
1815, 0.56
1816, 0.33
1817, 0.59
1818, 0.62
1819, 0.46
1820, 0.58
1821, 0.54
1822, 0.41
1823, 0.26
1824, 0.51
1825, 0.52
1826, 0.52
1827, 0.40
1828, 0.26
1829, 0.56
1830, 0.54
1831, 0.55
1832, 0.39
1833, 0.94
1834, 0.52
1835, 0.37
1836, 0.73
1837, 0.50
1838, 0.50
1839, 0.31
1840, 0.45
1841, 0.49
1842, 0.44
1843, 0.28
1844, 0.53
1845, 0.50
1846, 0.85
1847, 0.38
1848, 0.55
1849, 0.39
1850, 0.55
1851, 0.54
1852, 0.50
1853, 0.62
1854, 0.56
1855, 0.49
1856, 0.63
1857, 0.32
1858, 0.36
1859, 0.54
1860, 0.28
1861, 0.53
1862, 0.87
1863, 0.22
1864, 0.43
1865, 0.59
1866, 0.58
1867, 0.60
1868, 0.51
1869, 0.55
1870, 0.37
1871, 0.52
1872, 0.53
1873, 0.58
1874, 0.44
1875, 0.66
1876, 0.92
1877, 0.54
1878, 0.47
1879, 0.70
1880, 0.93
1881, 0.91
1882, 0.65
1883, 0.32
1884, 0.58
1885, 0.24
1886, 0.46
1887, 0.25
1888, 0.49
1889, 0.57
1890, 0.55
1891, 0.60
1892, 0.92
1893, 0.60
1894, 0.26
1895, 0.65
1896, 0.42
1897, 0.51
1898, 0.46
1899, 0.87
1900, 0.52
1901, 0.48
1902, 0.93
1903, 0.70
1904, 0.49
1905, 0.68
1906, 0.55
1907, 0.93
1908, 0.65
1909, 0.61
1910, 0.45
1911, 0.51
1912, 0.91
1913, 0.58
1914, 0.56
1915, 0.47
1916, 0.54
1917, 0.57
1918, 0.38
1919, 0.90
1920, 0.45
1921, 0.94
1922, 0.64
1923, 0.45
1924, 0.94
1925, 0.38
1926, 0.48
1927, 0.52
1928, 0.52
1929, 0.48
1930, 0.24
1931, 0.45
1932, 0.31
1933, 0.59
1934, 0.56
1935, 0.51
1936, 0.54
1937, 0.54
1938, 0.58
1939, 0.51
1940, 0.56
1941, 0.50
1942, 0.53
1943, 0.69
1944, 0.95
1945, 0.43
1946, 0.72
1947, 0.29
1948, 0.47
1949, 0.91
1950, 0.45
1951, 0.57
1952, 0.58
1953, 0.83
1954, 0.57
1955, 0.54
1956, 0.63
1957, 0.53
1958, 0.52
1959, 0.59
1960, 0.30
1961, 0.93
1962, 0.71
1963, 0.59
1964, 0.65
1965, 0.50
1966, 0.39
1967, 0.56
1968, 0.31
1969, 0.55
1970, 0.93
1971, 0.62
1972, 0.93
1973, 0.43
1974, 0.54
1975, 0.59
1976, 0.39
1977, 0.57
1978, 0.52
1979, 0.63
1980, 0.49
1981, 0.55
1982, 0.46
1983, 0.44
1984, 0.53
1985, 0.51
1986, 0.93
1987, 0.42
1988, 0.59
1989, 0.56
1990, 0.61
1991, 0.50
1992, 0.73
1993, 0.59
1994, 0.66
1995, 0.61
1996, 0.54
1997, 0.51
1998, 0.65
1999, 0.46
2000, 0.54
2001, 0.19
2002, 0.51
2003, 0.46
2004, 0.94
2005, 0.92
2006, 0.61
2007, 0.66
2008, 0.48
2009, 0.53
2010, 0.95
2011, 0.64
2012, 0.50
2013, 0.51
2014, 0.63
2015, 0.75
2016, 0.59
2017, 0.45
2018, 0.63
2019, 0.50
2020, 0.38
2021, 0.55
2022, 0.45
2023, 0.27
2024, 0.52
2025, 0.48
2026, 0.57
2027, 0.92
2028, 0.54
2029, 0.92
2030, 0.24
2031, 0.62
2032, 0.43
2033, 0.39
2034, 0.52
2035, 0.56
2036, 0.54
2037, 0.42
2038, 0.63
2039, 0.53
2040, 0.28
2041, 0.42
2042, 0.56
2043, 0.51
2044, 0.48
2045, 0.46
2046, 0.85
2047, 0.33
2048, 0.54
2049, 0.56
2050, 0.40
2051, 0.33
2052, 0.56
2053, 0.59
2054, 0.45
2055, 0.49
2056, 0.53
2057, 0.44
2058, 0.40
2059, 0.60
2060, 0.44
2061, 0.51
2062, 0.40
2063, 0.55
2064, 0.47
2065, 0.93
2066, 0.25
2067, 0.60
2068, 0.40
2069, 0.31
2070, 0.55
2071, 0.49
2072, 0.21
2073, 0.51
2074, 0.50
2075, 0.56
2076, 0.54
2077, 0.45
2078, 0.52
2079, 0.44
2080, 0.71
2081, 0.91
2082, 0.52
2083, 0.45
2084, 0.60
2085, 0.47
2086, 0.47
2087, 0.94
2088, 0.54
2089, 0.58
2090, 0.56
2091, 0.61
2092, 0.63
2093, 0.56
2094, 0.46
2095, 0.44
2096, 0.49
2097, 0.33
2098, 0.22
2099, 0.56
2100, 0.38
2101, 0.46
2102, 0.46
2103, 0.57
2104, 0.25
2105, 0.87
2106, 0.78
2107, 0.93
2108, 0.41
2109, 0.64
2110, 0.65
2111, 0.59
2112, 0.31
2113, 0.44
2114, 0.21
2115, 0.90
2116, 0.29
2117, 0.65
2118, 0.28
2119, 0.53
2120, 0.59
2121, 0.48
2122, 0.55
2123, 0.48
2124, 0.77
2125, 0.55
2126, 0.56
2127, 0.61
2128, 0.57
2129, 0.52
2130, 0.58
2131, 0.38
2132, 0.47
2133, 0.91
2134, 0.95
2135, 0.63
2136, 0.52
2137, 0.91
2138, 0.56
2139, 0.48
2140, 0.37
2141, 0.91
2142, 0.55
2143, 0.66
2144, 0.48
2145, 0.56
2146, 0.63
2147, 0.58
2148, 0.62
2149, 0.30
2150, 0.28
2151, 0.71
2152, 0.56
2153, 0.53
2154, 0.88
2155, 0.65
2156, 0.50
2157, 0.54
2158, 0.52
2159, 0.61
2160, 0.70
2161, 0.63
2162, 0.48
2163, 0.25
2164, 0.48
2165, 0.55
2166, 0.68
2167, 0.58
2168, 0.89
2169, 0.54
2170, 0.48
2171, 0.50
2172, 0.40
2173, 0.56
2174, 0.31
2175, 0.52
2176, 0.54
2177, 0.59
2178, 0.51
2179, 0.56
2180, 0.55
2181, 0.53
2182, 0.93
2183, 0.60
2184, 0.38
2185, 0.55
2186, 0.58
2187, 0.32
2188, 0.65
2189, 0.48
2190, 0.28
2191, 0.25
2192, 0.43
2193, 0.94
2194, 0.42
2195, 0.52
2196, 0.82
2197, 0.23
2198, 0.51
2199, 0.44
2200, 0.48
2201, 0.52
2202, 0.92
2203, 0.86
2204, 0.76
2205, 0.36
2206, 0.27
2207, 0.43
2208, 0.28
2209, 0.33
2210, 0.92
2211, 0.31
2212, 0.59
2213, 0.53
2214, 0.27
2215, 0.51
2216, 0.25
2217, 0.94
2218, 0.52
2219, 0.56
2220, 0.57
2221, 0.54
2222, 0.59
2223, 0.59
2224, 0.28
2225, 0.59
2226, 0.60
2227, 0.56
2228, 0.40
2229, 0.49
2230, 0.57
2231, 0.57
2232, 0.92
2233, 0.51
2234, 0.51
2235, 0.59
2236, 0.44
2237, 0.47
2238, 0.39
2239, 0.45
2240, 0.57
2241, 0.53
2242, 0.61
2243, 0.93
2244, 0.25
2245, 0.53
2246, 0.52
2247, 0.42
2248, 0.32
2249, 0.34
2250, 0.88
2251, 0.50
2252, 0.54
2253, 0.47
2254, 0.23
2255, 0.91
2256, 0.28
2257, 0.50
2258, 0.42
2259, 0.29
2260, 0.88
2261, 0.94
2262, 0.63
2263, 0.50
2264, 0.30
2265, 0.29
2266, 0.62
2267, 0.36
2268, 0.94
2269, 0.64
2270, 0.27
2271, 0.50
2272, 0.58
2273, 0.47
2274, 0.30
2275, 0.89
2276, 0.50
2277, 0.44
2278, 0.50
2279, 0.27
2280, 0.64
2281, 0.61
2282, 0.53
2283, 0.53
2284, 0.61
2285, 0.57
2286, 0.56
2287, 0.27
2288, 0.53
2289, 0.70
2290, 0.93
2291, 0.50
2292, 0.92
2293, 0.94
2294, 0.56
2295, 0.65
2296, 0.66
2297, 0.66
2298, 0.53
2299, 0.25
2300, 0.92
2301, 0.45
2302, 0.25
2303, 0.49
2304, 0.47
2305, 0.59
2306, 0.40
2307, 0.63
2308, 0.62
2309, 0.72
2310, 0.52
2311, 0.57
2312, 0.49
2313, 0.43
2314, 0.51
2315, 0.52
2316, 0.42
2317, 0.79
2318, 0.60
2319, 0.49
2320, 0.57
2321, 0.49
2322, 0.33
2323, 0.41
2324, 0.48
2325, 0.47
2326, 0.33
2327, 0.37
2328, 0.45
2329, 0.22
2330, 0.56
2331, 0.48
2332, 0.50
2333, 0.90
2334, 0.44
2335, 0.41
2336, 0.94
2337, 0.54
2338, 0.60
2339, 0.57
2340, 0.45
2341, 0.52
2342, 0.31
2343, 0.90
2344, 0.47
2345, 0.46
2346, 0.61
2347, 0.60
2348, 0.37
2349, 0.54
2350, 0.48
2351, 0.92
2352, 0.56
2353, 0.29
2354, 0.63
2355, 0.53
2356, 0.31
2357, 0.92
2358, 0.48
2359, 0.26
2360, 0.44
2361, 0.93
2362, 0.56
2363, 0.96
2364, 0.67
2365, 0.66
2366, 0.52
2367, 0.22
2368, 0.55
2369, 0.47
2370, 0.54
2371, 0.52
2372, 0.50
2373, 0.46
2374, 0.37
2375, 0.56
2376, 0.58
2377, 0.49
2378, 0.50
2379, 0.62
2380, 0.50
2381, 0.23
2382, 0.53
2383, 0.48
2384, 0.54
2385, 0.90
2386, 0.54
2387, 0.94
2388, 0.43
2389, 0.86
2390, 0.60
2391, 0.51
2392, 0.90
2393, 0.47
2394, 0.27
2395, 0.55
2396, 0.45
2397, 0.50
2398, 0.92
2399, 0.33
2400, 0.52
2401, 0.42
2402, 0.49
2403, 0.36
2404, 0.47
2405, 0.58
2406, 0.54
2407, 0.31
2408, 0.94
2409, 0.29
2410, 0.60
2411, 0.53
2412, 0.88
2413, 0.54
2414, 0.48
2415, 0.47
2416, 0.55
2417, 0.57
2418, 0.55
2419, 0.94
2420, 0.60
2421, 0.94
2422, 0.61
2423, 0.50
2424, 0.58
2425, 0.55
2426, 0.39
2427, 0.54
2428, 0.48
2429, 0.54
2430, 0.42
2431, 0.63
2432, 0.69
2433, 0.92
2434, 0.50
2435, 0.49
2436, 0.26
2437, 0.47
2438, 0.41
2439, 0.40
2440, 0.34
2441, 0.24
2442, 0.55
2443, 0.58
2444, 0.39
2445, 0.42
2446, 0.32
2447, 0.55
2448, 0.54
2449, 0.73
2450, 0.50
2451, 0.41
2452, 0.48
2453, 0.50
2454, 0.41
2455, 0.55
2456, 0.89
2457, 0.64
2458, 0.45
2459, 0.48
2460, 0.88
2461, 0.93
2462, 0.47
2463, 0.88
2464, 0.55
2465, 0.55
2466, 0.31
2467, 0.83
2468, 0.56
2469, 0.27
2470, 0.55
2471, 0.48
2472, 0.28
2473, 0.54
2474, 0.52
2475, 0.57
2476, 0.70
2477, 0.53
2478, 0.30
2479, 0.89
2480, 0.57
2481, 0.52
2482, 0.91
2483, 0.53
2484, 0.63
2485, 0.35
2486, 0.62
2487, 0.60
2488, 0.58
2489, 0.53
2490, 0.53
2491, 0.52
2492, 0.44
2493, 0.55
2494, 0.64
2495, 0.37
2496, 0.52
2497, 0.48
2498, 0.90
2499, 0.45
2500, 0.61
2501, 0.42
2502, 0.29
2503, 0.29
2504, 0.50
2505, 0.65
2506, 0.53
2507, 0.54
2508, 0.50
2509, 0.26
2510, 0.54
2511, 0.52
2512, 0.47
2513, 0.94
2514, 0.94
2515, 0.68
2516, 0.94
2517, 0.29
2518, 0.50
2519, 0.27
2520, 0.55
2521, 0.44
2522, 0.54
2523, 0.58
2524, 0.47
2525, 0.58
2526, 0.25
2527, 0.58
2528, 0.53
2529, 0.60
2530, 0.62
2531, 0.56
2532, 0.54
2533, 0.49
2534, 0.51
2535, 0.24
2536, 0.49
2537, 0.60
2538, 0.56
2539, 0.58
2540, 0.47
2541, 0.93
2542, 0.30
2543, 0.68
2544, 0.54
2545, 0.59
2546, 0.24
2547, 0.55
2548, 0.58
2549, 0.49
2550, 0.92
2551, 0.56
2552, 0.57
2553, 0.88
2554, 0.51
2555, 0.55
2556, 0.31
2557, 0.50
2558, 0.50
2559, 0.47
2560, 0.49
2561, 0.23
2562, 0.92
2563, 0.92
2564, 0.40
2565, 0.51
2566, 0.49
2567, 0.57
2568, 0.57
2569, 0.90
2570, 0.46
2571, 0.32
2572, 0.61
2573, 0.92
2574, 0.52
2575, 0.53
2576, 0.76
2577, 0.26
2578, 0.60
2579, 0.51
2580, 0.50
2581, 0.55
2582, 0.50
2583, 0.57
2584, 0.46
2585, 0.53
2586, 0.57
2587, 0.55
2588, 0.25
2589, 0.59
2590, 0.45
2591, 0.55
2592, 0.63
2593, 0.50
2594, 0.53
2595, 0.67
2596, 0.35
2597, 0.54
2598, 0.45
2599, 0.42
2600, 0.58
2601, 0.44
2602, 0.54
2603, 0.56
2604, 0.41
2605, 0.46
2606, 0.91
2607, 0.55
2608, 0.52
2609, 0.58
2610, 0.29
2611, 0.37
2612, 0.49
2613, 0.63
2614, 0.26
2615, 0.67
2616, 0.61
2617, 0.92
2618, 0.59
2619, 0.27
2620, 0.56
2621, 0.46
2622, 0.90
2623, 0.55
2624, 0.44
2625, 0.45
2626, 0.92
2627, 0.94
2628, 0.72
2629, 0.50
2630, 0.59
2631, 0.51
2632, 0.55
2633, 0.91
2634, 0.57
2635, 0.36
2636, 0.48
2637, 0.26
2638, 0.33
2639, 0.55
2640, 0.59
2641, 0.57
2642, 0.53
2643, 0.56
2644, 0.46
2645, 0.58
2646, 0.30
2647, 0.53
2648, 0.59
2649, 0.58
2650, 0.57
2651, 0.47
2652, 0.54
2653, 0.22
2654, 0.67
2655, 0.58
2656, 0.62
2657, 0.95
2658, 0.64
2659, 0.32
2660, 0.62
2661, 0.55
2662, 0.94
2663, 0.54
2664, 0.48
2665, 0.61
2666, 0.56
2667, 0.42
2668, 0.61
2669, 0.21
2670, 0.56
2671, 0.94
2672, 0.45
2673, 0.52
2674, 0.55
2675, 0.22
2676, 0.35
2677, 0.50
2678, 0.90
2679, 0.57
2680, 0.52
2681, 0.89
2682, 0.62
2683, 0.88
2684, 0.57
2685, 0.31
2686, 0.69
2687, 0.60
2688, 0.43
2689, 0.57
2690, 0.41
2691, 0.41
2692, 0.58
2693, 0.25
2694, 0.53
2695, 0.46
2696, 0.46
2697, 0.54
2698, 0.59
2699, 0.64
2700, 0.53
2701, 0.42
2702, 0.51
2703, 0.57
2704, 0.42
2705, 0.55
2706, 0.93
2707, 0.49
2708, 0.59
2709, 0.70
2710, 0.75
2711, 0.48
2712, 0.90
2713, 0.63
2714, 0.46
2715, 0.28
2716, 0.42
2717, 0.27
2718, 0.66
2719, 0.58
2720, 0.59
2721, 0.91
2722, 0.55
2723, 0.73
2724, 0.61
2725, 0.24
2726, 0.55
2727, 0.58
2728, 0.55
2729, 0.50
2730, 0.54
2731, 0.52
2732, 0.73
2733, 0.31
2734, 0.45
2735, 0.48
2736, 0.59
2737, 0.47
2738, 0.60
2739, 0.52
2740, 0.52
2741, 0.85
2742, 0.69
2743, 0.89
2744, 0.22
2745, 0.56
2746, 0.42
2747, 0.42
2748, 0.63
2749, 0.39
2750, 0.57
2751, 0.52
2752, 0.32
2753, 0.66
2754, 0.84
2755, 0.94
2756, 0.31
2757, 0.49
2758, 0.95
2759, 0.56
2760, 0.54
2761, 0.29
2762, 0.55
2763, 0.43
2764, 0.54
2765, 0.57
2766, 0.54
2767, 0.53
2768, 0.49
2769, 0.47
2770, 0.50
2771, 0.50
2772, 0.45
2773, 0.59
2774, 0.50
2775, 0.31
2776, 0.88
2777, 0.89
2778, 0.56
2779, 0.24
2780, 0.51
2781, 0.68
2782, 0.29
2783, 0.60
2784, 0.87
2785, 0.48
2786, 0.93
2787, 0.66
2788, 0.31
2789, 0.43
2790, 0.49
2791, 0.55
2792, 0.93
2793, 0.54
2794, 0.51
2795, 0.66
2796, 0.52
2797, 0.50
2798, 0.62
2799, 0.54
2800, 0.28
2801, 0.26
2802, 0.47
2803, 0.58
2804, 0.25
2805, 0.43
2806, 0.28
2807, 0.52
2808, 0.63
2809, 0.52
2810, 0.36
2811, 0.29
2812, 0.47
2813, 0.50
2814, 0.56
2815, 0.52
2816, 0.55
2817, 0.25
2818, 0.42
2819, 0.51
2820, 0.94
2821, 0.50
2822, 0.55
2823, 0.23
2824, 0.65
2825, 0.26
2826, 0.94
2827, 0.47
2828, 0.50
2829, 0.52
2830, 0.49
2831, 0.67
2832, 0.52
2833, 0.50
2834, 0.95
2835, 0.58
2836, 0.33
2837, 0.89
2838, 0.52
2839, 0.55
2840, 0.57
2841, 0.35
2842, 0.57
2843, 0.58
2844, 0.42
2845, 0.53
2846, 0.50
2847, 0.51
2848, 0.61
2849, 0.69
2850, 0.55
2851, 0.59
2852, 0.26
2853, 0.68
2854, 0.55
2855, 0.52
2856, 0.26
2857, 0.93
2858, 0.49
2859, 0.52
2860, 0.51
2861, 0.50
2862, 0.53
2863, 0.57
2864, 0.61
2865, 0.58
2866, 0.52
2867, 0.45
2868, 0.54
2869, 0.55
2870, 0.54
2871, 0.24
2872, 0.50
2873, 0.55
2874, 0.49
2875, 0.54
2876, 0.28
2877, 0.45
2878, 0.58
2879, 0.55
2880, 0.91
2881, 0.53
2882, 0.93
2883, 0.90
2884, 0.92
2885, 0.46
2886, 0.50
2887, 0.63
2888, 0.48
2889, 0.63
2890, 0.54
2891, 0.63
2892, 0.52
2893, 0.59
2894, 0.51
2895, 0.64
2896, 0.92
2897, 0.25
2898, 0.93
2899, 0.52
2900, 0.48
2901, 0.47
2902, 0.93
2903, 0.93
2904, 0.27
2905, 0.49
2906, 0.60
2907, 0.59
2908, 0.57
2909, 0.27
2910, 0.94
2911, 0.56
2912, 0.39
2913, 0.53
2914, 0.48
2915, 0.90
2916, 0.47
2917, 0.28
2918, 0.70
2919, 0.52
2920, 0.42
2921, 0.93
2922, 0.55
2923, 0.51
2924, 0.52
2925, 0.54
2926, 0.47
2927, 0.63
2928, 0.55
2929, 0.54
2930, 0.48
2931, 0.54
2932, 0.49
2933, 0.56
2934, 0.57
2935, 0.57
2936, 0.58
2937, 0.50
2938, 0.83
2939, 0.27
2940, 0.52
2941, 0.39
2942, 0.55
2943, 0.73
2944, 0.54
2945, 0.23
2946, 0.59
2947, 0.52
2948, 0.94
2949, 0.93
2950, 0.25
2951, 0.49
2952, 0.65
2953, 0.52
2954, 0.94
2955, 0.51
2956, 0.48
2957, 0.91
2958, 0.40
2959, 0.30
2960, 0.59
2961, 0.53
2962, 0.49
2963, 0.53
2964, 0.57
2965, 0.48
2966, 0.50
2967, 0.53
2968, 0.30
2969, 0.61
2970, 0.26
2971, 0.60
2972, 0.25
2973, 0.93
2974, 0.73
2975, 0.30
2976, 0.65
2977, 0.48
2978, 0.50
2979, 0.37
2980, 0.52
2981, 0.57
2982, 0.45
2983, 0.39
2984, 0.46
2985, 0.66
2986, 0.65
2987, 0.21
2988, 0.53
2989, 0.39
2990, 0.58
2991, 0.56
2992, 0.89
2993, 0.51
2994, 0.53
2995, 0.57
2996, 0.38
2997, 0.65
2998, 0.47
2999, 0.57
3000, 0.28
3001, 0.52
3002, 0.55
3003, 0.93
3004, 0.88
3005, 0.49
3006, 0.43
3007, 0.54
3008, 0.43
3009, 0.45
3010, 0.59
3011, 0.47
3012, 0.52
3013, 0.55
3014, 0.56
3015, 0.54
3016, 0.43
3017, 0.59
3018, 0.57
3019, 0.55
3020, 0.57
3021, 0.58
3022, 0.52
3023, 0.65
3024, 0.58
3025, 0.51
3026, 0.48
3027, 0.55
3028, 0.54
3029, 0.41
3030, 0.48
3031, 0.91
3032, 0.58
3033, 0.54
3034, 0.48
3035, 0.60
3036, 0.59
3037, 0.40
3038, 0.50
3039, 0.60
3040, 0.67
3041, 0.24
3042, 0.39
3043, 0.43
3044, 0.66
3045, 0.71
3046, 0.61
3047, 0.29
3048, 0.39
3049, 0.41
3050, 0.31
3051, 0.63
3052, 0.63
3053, 0.44
3054, 0.22
3055, 0.51
3056, 0.53
3057, 0.57
3058, 0.68
3059, 0.45
3060, 0.53
3061, 0.58
3062, 0.41
3063, 0.43
3064, 0.27
3065, 0.58
3066, 0.55
3067, 0.55
3068, 0.51
3069, 0.56
3070, 0.63
3071, 0.36
3072, 0.72
3073, 0.55
3074, 0.49
3075, 0.38
3076, 0.47
3077, 0.26
3078, 0.55
3079, 0.49
3080, 0.61
3081, 0.94
3082, 0.95
3083, 0.49
3084, 0.56
3085, 0.47
3086, 0.56
3087, 0.57
3088, 0.58
3089, 0.94
3090, 0.60
3091, 0.48
3092, 0.26
3093, 0.56
3094, 0.92
3095, 0.61
3096, 0.46
3097, 0.50
3098, 0.54
3099, 0.53
3100, 0.92
3101, 0.51
3102, 0.33
3103, 0.48
3104, 0.23
3105, 0.42
3106, 0.45
3107, 0.50
3108, 0.47
3109, 0.33
3110, 0.94
3111, 0.61
3112, 0.54
3113, 0.62
3114, 0.41
3115, 0.56
3116, 0.39
3117, 0.54
3118, 0.49
3119, 0.56
3120, 0.50
3121, 0.55
3122, 0.39
3123, 0.59
3124, 0.92
3125, 0.56
3126, 0.56
3127, 0.54
3128, 0.40
3129, 0.57
3130, 0.87
3131, 0.48
3132, 0.58
3133, 0.75
3134, 0.56
3135, 0.66
3136, 0.47
3137, 0.55
3138, 0.59
3139, 0.43
3140, 0.42
3141, 0.54
3142, 0.92
3143, 0.55
3144, 0.61
3145, 0.24
3146, 0.53
3147, 0.41
3148, 0.55
3149, 0.55
3150, 0.54
3151, 0.58
3152, 0.58
3153, 0.41
3154, 0.90
3155, 0.45
3156, 0.55
3157, 0.62
3158, 0.55
3159, 0.92
3160, 0.90
3161, 0.43
3162, 0.61
3163, 0.57
3164, 0.93
3165, 0.58
3166, 0.60
3167, 0.24
3168, 0.62
3169, 0.55
3170, 0.60
3171, 0.43
3172, 0.56
3173, 0.94
3174, 0.51
3175, 0.57
3176, 0.62
3177, 0.44
3178, 0.53
3179, 0.27
3180, 0.30
3181, 0.54
3182, 0.63
3183, 0.58
3184, 0.53
3185, 0.42
3186, 0.25
3187, 0.50
3188, 0.48
3189, 0.56
3190, 0.56
3191, 0.91
3192, 0.54
3193, 0.40
3194, 0.94
3195, 0.23
3196, 0.39
3197, 0.53
3198, 0.53
3199, 0.45
3200, 0.61
3201, 0.58
3202, 0.53
3203, 0.64
3204, 0.94
3205, 0.48
3206, 0.54
3207, 0.93
3208, 0.41
3209, 0.54
3210, 0.45
3211, 0.94
3212, 0.88
3213, 0.29
3214, 0.42
3215, 0.91
3216, 0.26
3217, 0.53
3218, 0.68
3219, 0.57
3220, 0.50
3221, 0.50
3222, 0.93
3223, 0.60
3224, 0.48
3225, 0.55
3226, 0.54
3227, 0.56
3228, 0.42
3229, 0.55
3230, 0.47
3231, 0.46
3232, 0.93
3233, 0.52
3234, 0.51
3235, 0.29
3236, 0.59
3237, 0.64
3238, 0.54
3239, 0.69
3240, 0.42
3241, 0.48
3242, 0.44
3243, 0.49
3244, 0.54
3245, 0.51
3246, 0.56
3247, 0.92
3248, 0.54
3249, 0.59
3250, 0.27
3251, 0.54
3252, 0.92
3253, 0.60
3254, 0.94
3255, 0.60
3256, 0.49
3257, 0.56
3258, 0.92
3259, 0.52
3260, 0.22
3261, 0.25
3262, 0.50
3263, 0.58
3264, 0.37
3265, 0.66
3266, 0.64
3267, 0.26
3268, 0.57
3269, 0.62
3270, 0.62
3271, 0.43
3272, 0.43
3273, 0.55
3274, 0.93
3275, 0.87
3276, 0.28
3277, 0.50
3278, 0.38
3279, 0.87
3280, 0.61
3281, 0.47
3282, 0.57
3283, 0.27
3284, 0.55
3285, 0.53
3286, 0.93
3287, 0.54
3288, 0.51
3289, 0.47
3290, 0.31
3291, 0.86
3292, 0.94
3293, 0.63
3294, 0.48
3295, 0.34
3296, 0.54
3297, 0.51
3298, 0.53
3299, 0.51
3300, 0.48
3301, 0.57
3302, 0.45
3303, 0.46
3304, 0.56
3305, 0.27
3306, 0.45
3307, 0.57
3308, 0.44
3309, 0.52
3310, 0.94
3311, 0.51
3312, 0.62
3313, 0.95
3314, 0.65
3315, 0.31
3316, 0.55
3317, 0.58
3318, 0.66
3319, 0.34
3320, 0.42
3321, 0.52
3322, 0.54
3323, 0.59
3324, 0.50
3325, 0.39
3326, 0.32
3327, 0.24
3328, 0.59
3329, 0.25
3330, 0.50
3331, 0.58
3332, 0.54
3333, 0.50
3334, 0.55
3335, 0.90
3336, 0.25
3337, 0.49
3338, 0.30
3339, 0.66
3340, 0.91
3341, 0.53
3342, 0.87
3343, 0.22
3344, 0.45
3345, 0.65
3346, 0.59
3347, 0.48
3348, 0.42
3349, 0.62
3350, 0.43
3351, 0.53
3352, 0.26
3353, 0.43
3354, 0.48
3355, 0.26
3356, 0.73
3357, 0.70
3358, 0.19
3359, 0.49
3360, 0.57
3361, 0.72
3362, 0.50
3363, 0.49
3364, 0.56
3365, 0.56
3366, 0.54
3367, 0.52
3368, 0.32
3369, 0.53
3370, 0.52
3371, 0.30
3372, 0.48
3373, 0.51
3374, 0.58
3375, 0.50
3376, 0.41
3377, 0.88
3378, 0.41
3379, 0.44
3380, 0.32
3381, 0.26
3382, 0.29
3383, 0.43
3384, 0.26
3385, 0.56
3386, 0.91
3387, 0.57
3388, 0.50
3389, 0.54
3390, 0.58
3391, 0.50
3392, 0.58
3393, 0.28
3394, 0.46
3395, 0.53
3396, 0.93
3397, 0.48
3398, 0.43
3399, 0.61
3400, 0.94
3401, 0.54
3402, 0.69
3403, 0.51
3404, 0.55
3405, 0.45
3406, 0.54
3407, 0.37
3408, 0.41
3409, 0.28
3410, 0.50
3411, 0.51
3412, 0.85
3413, 0.57
3414, 0.94
3415, 0.54
3416, 0.27
3417, 0.91
3418, 0.45
3419, 0.26
3420, 0.28
3421, 0.22
3422, 0.65
3423, 0.31
3424, 0.52
3425, 0.93
3426, 0.63
3427, 0.55
3428, 0.53
3429, 0.63
3430, 0.56
3431, 0.90
3432, 0.30
3433, 0.55
3434, 0.48
3435, 0.54
3436, 0.57
3437, 0.95
3438, 0.25
3439, 0.29
3440, 0.27
3441, 0.46
3442, 0.25
3443, 0.40
3444, 0.43
3445, 0.50
3446, 0.59
3447, 0.64
3448, 0.50
3449, 0.76
3450, 0.23
3451, 0.58
3452, 0.61
3453, 0.53
3454, 0.94
3455, 0.27
3456, 0.25
3457, 0.90
3458, 0.58
3459, 0.53
3460, 0.62
3461, 0.30
3462, 0.88
3463, 0.93
3464, 0.49
3465, 0.23
3466, 0.50
3467, 0.47
3468, 0.29
3469, 0.57
3470, 0.24
3471, 0.56
3472, 0.48
3473, 0.46
3474, 0.54
3475, 0.66
3476, 0.63
3477, 0.41
3478, 0.56
3479, 0.64
3480, 0.61
3481, 0.39
3482, 0.46
3483, 0.60
3484, 0.31
3485, 0.91
3486, 0.63
3487, 0.57
3488, 0.43
3489, 0.56
3490, 0.76
3491, 0.50
3492, 0.89
3493, 0.53
3494, 0.46
3495, 0.56
3496, 0.31
3497, 0.50
3498, 0.53
3499, 0.57
3500, 0.30
3501, 0.53
3502, 0.54
3503, 0.41
3504, 0.28
3505, 0.65
3506, 0.28
3507, 0.50
3508, 0.53
3509, 0.60
3510, 0.55
3511, 0.56
3512, 0.46
3513, 0.54
3514, 0.63
3515, 0.34
3516, 0.87
3517, 0.50
3518, 0.25
3519, 0.50
3520, 0.56
3521, 0.62
3522, 0.26
3523, 0.51
3524, 0.55
3525, 0.91
3526, 0.49
3527, 0.50
3528, 0.89
3529, 0.45
3530, 0.54
3531, 0.44
3532, 0.53
3533, 0.66
3534, 0.47
3535, 0.56
3536, 0.44
3537, 0.60
3538, 0.51
3539, 0.52
3540, 0.57
3541, 0.93
3542, 0.29
3543, 0.58
3544, 0.29
3545, 0.46
3546, 0.56
3547, 0.55
3548, 0.46
3549, 0.48
3550, 0.50
3551, 0.53
3552, 0.53
3553, 0.54
3554, 0.94
3555, 0.38
3556, 0.56
3557, 0.34
3558, 0.49
3559, 0.56
3560, 0.29
3561, 0.93
3562, 0.43
3563, 0.21
3564, 0.29
3565, 0.32
3566, 0.59
3567, 0.52
3568, 0.26
3569, 0.94
3570, 0.49
3571, 0.60
3572, 0.24
3573, 0.62
3574, 0.92
3575, 0.44
3576, 0.41
3577, 0.40
3578, 0.45
3579, 0.34
3580, 0.43
3581, 0.65
3582, 0.47
3583, 0.55
3584, 0.56
3585, 0.53
3586, 0.94
3587, 0.33
3588, 0.52
3589, 0.60
3590, 0.43
3591, 0.57
3592, 0.68
3593, 0.40
3594, 0.25
3595, 0.91
3596, 0.28
3597, 0.26
3598, 0.45
3599, 0.59
3600, 0.25
3601, 0.45
3602, 0.22
3603, 0.94
3604, 0.46
3605, 0.47
3606, 0.59
3607, 0.24
3608, 0.50
3609, 0.64
3610, 0.48
3611, 0.57
3612, 0.64
3613, 0.40
3614, 0.54
3615, 0.27
3616, 0.93
3617, 0.59
3618, 0.53
3619, 0.31
3620, 0.48
3621, 0.25
3622, 0.42
3623, 0.93
3624, 0.53
3625, 0.93
3626, 0.46
3627, 0.38
3628, 0.46
3629, 0.52
3630, 0.54
3631, 0.93
3632, 0.56
3633, 0.25
3634, 0.54
3635, 0.54
3636, 0.63
3637, 0.50
3638, 0.55
3639, 0.39
3640, 0.53
3641, 0.59
3642, 0.62
3643, 0.93
3644, 0.88
3645, 0.47
3646, 0.93
3647, 0.56
3648, 0.50
3649, 0.53
3650, 0.28
3651, 0.43
3652, 0.49
3653, 0.93
3654, 0.59
3655, 0.89
3656, 0.28
3657, 0.26
3658, 0.60
3659, 0.60
3660, 0.94
3661, 0.65
3662, 0.49
3663, 0.58
3664, 0.50
3665, 0.50
3666, 0.57
3667, 0.64
3668, 0.53
3669, 0.52
3670, 0.31
3671, 0.54
3672, 0.48
3673, 0.54
3674, 0.57
3675, 0.64
3676, 0.29
3677, 0.55
3678, 0.66
3679, 0.59
3680, 0.57
3681, 0.65
3682, 0.23
3683, 0.47
3684, 0.59
3685, 0.58
3686, 0.54
3687, 0.40
3688, 0.45
3689, 0.48
3690, 0.32
3691, 0.28
3692, 0.50
3693, 0.43
3694, 0.94
3695, 0.62
3696, 0.59
3697, 0.61
3698, 0.51
3699, 0.37
3700, 0.91
3701, 0.49
3702, 0.54
3703, 0.45
3704, 0.51
3705, 0.92
3706, 0.55
3707, 0.55
3708, 0.52
3709, 0.45
3710, 0.24
3711, 0.58
3712, 0.47
3713, 0.49
3714, 0.51
3715, 0.56
3716, 0.55
3717, 0.87
3718, 0.26
3719, 0.50
3720, 0.35
3721, 0.91
3722, 0.59
3723, 0.59
3724, 0.64
3725, 0.34
3726, 0.37
3727, 0.94
3728, 0.58
3729, 0.56
3730, 0.53
3731, 0.52
3732, 0.64
3733, 0.52
3734, 0.47
3735, 0.52
3736, 0.56
3737, 0.60
3738, 0.51
3739, 0.60
3740, 0.66
3741, 0.46
3742, 0.45
3743, 0.55
3744, 0.51
3745, 0.87
3746, 0.61
3747, 0.94
3748, 0.38
3749, 0.60
3750, 0.70
3751, 0.47
3752, 0.63
3753, 0.63
3754, 0.94
3755, 0.52
3756, 0.39
3757, 0.56
3758, 0.93
3759, 0.41
3760, 0.23
3761, 0.23
3762, 0.63
3763, 0.79
3764, 0.30
3765, 0.60
3766, 0.44
3767, 0.45
3768, 0.41
3769, 0.94
3770, 0.50
3771, 0.41
3772, 0.49
3773, 0.56
3774, 0.54
3775, 0.56
3776, 0.52
3777, 0.53
3778, 0.42
3779, 0.61
3780, 0.58
3781, 0.67
3782, 0.75
3783, 0.59
3784, 0.46
3785, 0.53
3786, 0.67
3787, 0.68
3788, 0.51
3789, 0.44
3790, 0.51
3791, 0.52
3792, 0.51
3793, 0.59
3794, 0.53
3795, 0.56
3796, 0.58
3797, 0.60
3798, 0.94
3799, 0.44
3800, 0.93
3801, 0.51
3802, 0.51
3803, 0.88
3804, 0.61
3805, 0.48
3806, 0.44
3807, 0.54
3808, 0.61
3809, 0.68
3810, 0.25
3811, 0.42
3812, 0.30
3813, 0.50
3814, 0.53
3815, 0.93
3816, 0.29
3817, 0.33
3818, 0.28
3819, 0.47
3820, 0.50
3821, 0.55
3822, 0.44
3823, 0.61
3824, 0.52
3825, 0.27
3826, 0.49
3827, 0.48
3828, 0.94
3829, 0.43
3830, 0.47
3831, 0.51
3832, 0.28
3833, 0.59
3834, 0.77
3835, 0.21
3836, 0.93
3837, 0.55
3838, 0.32
3839, 0.51
3840, 0.26
3841, 0.32
3842, 0.60
3843, 0.93
3844, 0.26
3845, 0.33
3846, 0.47
3847, 0.58
3848, 0.49
3849, 0.61
3850, 0.60
3851, 0.49
3852, 0.53
3853, 0.49
3854, 0.47
3855, 0.90
3856, 0.55
3857, 0.94
3858, 0.67
3859, 0.58
3860, 0.57
3861, 0.94
3862, 0.24
3863, 0.62
3864, 0.25
3865, 0.51
3866, 0.48
3867, 0.66
3868, 0.31
3869, 0.51
3870, 0.56
3871, 0.43
3872, 0.54
3873, 0.93
3874, 0.56
3875, 0.94
3876, 0.53
3877, 0.52
3878, 0.55
3879, 0.46
3880, 0.64
3881, 0.48
3882, 0.54
3883, 0.50
3884, 0.51
3885, 0.45
3886, 0.28
3887, 0.36
3888, 0.54
3889, 0.57
3890, 0.48
3891, 0.57
3892, 0.28
3893, 0.36
3894, 0.45
3895, 0.49
3896, 0.55
3897, 0.46
3898, 0.63
3899, 0.47
3900, 0.50
3901, 0.61
3902, 0.55
3903, 0.47
3904, 0.92
3905, 0.60
3906, 0.49
3907, 0.70
3908, 0.94
3909, 0.59
3910, 0.50
3911, 0.42
3912, 0.48
3913, 0.53
3914, 0.44
3915, 0.56
3916, 0.22
3917, 0.41
3918, 0.59
3919, 0.53
3920, 0.56
3921, 0.51
3922, 0.54
3923, 0.45
3924, 0.89
3925, 0.53
3926, 0.41
3927, 0.52
3928, 0.94
3929, 0.93
3930, 0.41
3931, 0.58
3932, 0.65
3933, 0.48
3934, 0.50
3935, 0.58
3936, 0.59
3937, 0.36
3938, 0.49
3939, 0.55
3940, 0.59
3941, 0.56
3942, 0.33
3943, 0.52
3944, 0.93
3945, 0.53
3946, 0.50
3947, 0.49
3948, 0.25
3949, 0.88
3950, 0.60
3951, 0.55
3952, 0.94
3953, 0.41
3954, 0.60
3955, 0.27
3956, 0.36
3957, 0.48
3958, 0.52
3959, 0.93
3960, 0.27
3961, 0.64
3962, 0.48
3963, 0.64
3964, 0.53
3965, 0.89
3966, 0.50
3967, 0.55
3968, 0.51
3969, 0.50
3970, 0.52
3971, 0.47
3972, 0.64
3973, 0.44
3974, 0.45
3975, 0.46
3976, 0.58
3977, 0.73
3978, 0.93
3979, 0.43
3980, 0.41
3981, 0.52
3982, 0.46
3983, 0.93
3984, 0.55
3985, 0.66
3986, 0.42
3987, 0.25
3988, 0.90
3989, 0.54
3990, 0.49
3991, 0.49
3992, 0.57
3993, 0.52
3994, 0.59
3995, 0.45
3996, 0.22
3997, 0.53
3998, 0.54
3999, 0.48
4000, 0.53
4001, 0.48
4002, 0.60
4003, 0.94
4004, 0.60
4005, 0.60
4006, 0.30
4007, 0.57
4008, 0.57
4009, 0.68
4010, 0.40
4011, 0.88
4012, 0.50
4013, 0.56
4014, 0.38
4015, 0.73
4016, 0.29
4017, 0.26
4018, 0.58
4019, 0.59
4020, 0.57
4021, 0.54
4022, 0.71
4023, 0.58
4024, 0.48
4025, 0.74
4026, 0.55
4027, 0.58
4028, 0.64
4029, 0.93
4030, 0.57
4031, 0.24
4032, 0.50
4033, 0.57
4034, 0.50
4035, 0.48
4036, 0.65
4037, 0.44
4038, 0.60
4039, 0.89
4040, 0.64
4041, 0.56
4042, 0.52
4043, 0.57
4044, 0.55
4045, 0.44
4046, 0.71
4047, 0.41
4048, 0.55
4049, 0.55
4050, 0.61
4051, 0.45
4052, 0.45
4053, 0.35
4054, 0.48
4055, 0.43
4056, 0.60
4057, 0.67
4058, 0.94
4059, 0.54
4060, 0.56
4061, 0.27
4062, 0.46
4063, 0.34
4064, 0.46
4065, 0.58
4066, 0.93
4067, 0.40
4068, 0.95
4069, 0.70
4070, 0.25
4071, 0.94
4072, 0.53
4073, 0.91
4074, 0.55
4075, 0.59
4076, 0.46
4077, 0.48
4078, 0.94
4079, 0.53
4080, 0.53
4081, 0.69
4082, 0.66
4083, 0.62
4084, 0.62
4085, 0.59
4086, 0.50
4087, 0.92
4088, 0.46
4089, 0.56
4090, 0.91
4091, 0.93
4092, 0.93
4093, 0.54
4094, 0.58
4095, 0.47
4096, 0.61
4097, 0.45
4098, 0.31
4099, 0.45
4100, 0.29
4101, 0.32
4102, 0.61
4103, 0.53
4104, 0.28
4105, 0.45
4106, 0.71
4107, 0.51
4108, 0.94
4109, 0.27
4110, 0.93
4111, 0.92
4112, 0.88
4113, 0.57
4114, 0.44
4115, 0.55
4116, 0.53
4117, 0.57
4118, 0.51
4119, 0.48
4120, 0.64
4121, 0.55
4122, 0.37
4123, 0.27
4124, 0.61
4125, 0.53
4126, 0.44
4127, 0.33
4128, 0.56
4129, 0.65
4130, 0.69
4131, 0.52
4132, 0.62
4133, 0.93
4134, 0.58
4135, 0.55
4136, 0.60
4137, 0.58
4138, 0.59
4139, 0.58
4140, 0.49
4141, 0.92
4142, 0.29
4143, 0.52
4144, 0.31
4145, 0.51
4146, 0.92
4147, 0.52
4148, 0.32
4149, 0.27
4150, 0.58
4151, 0.63
4152, 0.52
4153, 0.65
4154, 0.62
4155, 0.93
4156, 0.42
4157, 0.68
4158, 0.57
4159, 0.56
4160, 0.41
4161, 0.30
4162, 0.28
4163, 0.49
4164, 0.45
4165, 0.94
4166, 0.62
4167, 0.46
4168, 0.52
4169, 0.56
4170, 0.61
4171, 0.54
4172, 0.57
4173, 0.54
4174, 0.24
4175, 0.22
4176, 0.92
4177, 0.94
4178, 0.58
4179, 0.93
4180, 0.52
4181, 0.48
4182, 0.51
4183, 0.56
4184, 0.54
4185, 0.52
4186, 0.56
4187, 0.51
4188, 0.89
4189, 0.56
4190, 0.38
4191, 0.63
4192, 0.48
4193, 0.92
4194, 0.59
4195, 0.44
4196, 0.59
4197, 0.48
4198, 0.56
4199, 0.52
4200, 0.56
4201, 0.27
4202, 0.52
4203, 0.51
4204, 0.46
4205, 0.23
4206, 0.57
4207, 0.30
4208, 0.68
4209, 0.30
4210, 0.50
4211, 0.51
4212, 0.49
4213, 0.93
4214, 0.35
4215, 0.54
4216, 0.93
4217, 0.28
4218, 0.60
4219, 0.93
4220, 0.50
4221, 0.58
4222, 0.56
4223, 0.31
4224, 0.45
4225, 0.47
4226, 0.26
4227, 0.49
4228, 0.55
4229, 0.50
4230, 0.55
4231, 0.59
4232, 0.87
4233, 0.58
4234, 0.52
4235, 0.50
4236, 0.50
4237, 0.49
4238, 0.47
4239, 0.94
4240, 0.56
4241, 0.57
4242, 0.94
4243, 0.55
4244, 0.56
4245, 0.46
4246, 0.34
4247, 0.93
4248, 0.61
4249, 0.56
4250, 0.25
4251, 0.61
4252, 0.93
4253, 0.47
4254, 0.61
4255, 0.67
4256, 0.62
4257, 0.31
4258, 0.52
4259, 0.44
4260, 0.94
4261, 0.87
4262, 0.53
4263, 0.41
4264, 0.45
4265, 0.44
4266, 0.93
4267, 0.44
4268, 0.94
4269, 0.55
4270, 0.55
4271, 0.23
4272, 0.25
4273, 0.53
4274, 0.44
4275, 0.56
4276, 0.64
4277, 0.24
4278, 0.47
4279, 0.54
4280, 0.52
4281, 0.48
4282, 0.87
4283, 0.48
4284, 0.53
4285, 0.93
4286, 0.51
4287, 0.43
4288, 0.62
4289, 0.53
4290, 0.39
4291, 0.42
4292, 0.53
4293, 0.54
4294, 0.64
4295, 0.69
4296, 0.65
4297, 0.48
4298, 0.32
4299, 0.51
4300, 0.46
4301, 0.55
4302, 0.51
4303, 0.63
4304, 0.57
4305, 0.94
4306, 0.63
4307, 0.50
4308, 0.29
4309, 0.48
4310, 0.57
4311, 0.46
4312, 0.48
4313, 0.50
4314, 0.40
4315, 0.58
4316, 0.46
4317, 0.25
4318, 0.53
4319, 0.25
4320, 0.47
4321, 0.93
4322, 0.60
4323, 0.92
4324, 0.46
4325, 0.52
4326, 0.44
4327, 0.49
4328, 0.58
4329, 0.63
4330, 0.49
4331, 0.25
4332, 0.84
4333, 0.94
4334, 0.55
4335, 0.68
4336, 0.53
4337, 0.25
4338, 0.62
4339, 0.94
4340, 0.91
4341, 0.60
4342, 0.63
4343, 0.34
4344, 0.45
4345, 0.52
4346, 0.48
4347, 0.42
4348, 0.37
4349, 0.49
4350, 0.54
4351, 0.56
4352, 0.24
4353, 0.93
4354, 0.44
4355, 0.51
4356, 0.42
4357, 0.59
4358, 0.63
4359, 0.57
4360, 0.61
4361, 0.53
4362, 0.57
4363, 0.93
4364, 0.38
4365, 0.88
4366, 0.49
4367, 0.93
4368, 0.94
4369, 0.62
4370, 0.49
4371, 0.40
4372, 0.59
4373, 0.30
4374, 0.54
4375, 0.36
4376, 0.52
4377, 0.51
4378, 0.38
4379, 0.51
4380, 0.63
4381, 0.61
4382, 0.52
4383, 0.57
4384, 0.55
4385, 0.47
4386, 0.58
4387, 0.67
4388, 0.94
4389, 0.77
4390, 0.27
4391, 0.39
4392, 0.56
4393, 0.23
4394, 0.44
4395, 0.59
4396, 0.55
4397, 0.57
4398, 0.41
4399, 0.45
4400, 0.93
4401, 0.40
4402, 0.55
4403, 0.51
4404, 0.53
4405, 0.52
4406, 0.46
4407, 0.22
4408, 0.94
4409, 0.28
4410, 0.66
4411, 0.57
4412, 0.59
4413, 0.74
4414, 0.36
4415, 0.23
4416, 0.56
4417, 0.57
4418, 0.24
4419, 0.54
4420, 0.59
4421, 0.26
4422, 0.48
4423, 0.53
4424, 0.94
4425, 0.58
4426, 0.43
4427, 0.39
4428, 0.27
4429, 0.68
4430, 0.50
4431, 0.45
4432, 0.53
4433, 0.57
4434, 0.50
4435, 0.50
4436, 0.58
4437, 0.56
4438, 0.54
4439, 0.93
4440, 0.94
4441, 0.49
4442, 0.53
4443, 0.52
4444, 0.18
4445, 0.41
4446, 0.54
4447, 0.92
4448, 0.60
4449, 0.55
4450, 0.55
4451, 0.47
4452, 0.51
4453, 0.61
4454, 0.47
4455, 0.45
4456, 0.41
4457, 0.55
4458, 0.94
4459, 0.59
4460, 0.47
4461, 0.53
4462, 0.31
4463, 0.34
4464, 0.30
4465, 0.55
4466, 0.44
4467, 0.41
4468, 0.51
4469, 0.73
4470, 0.83
4471, 0.26
4472, 0.43
4473, 0.52
4474, 0.31
4475, 0.58
4476, 0.90
4477, 0.41
4478, 0.94
4479, 0.49
4480, 0.64
4481, 0.67
4482, 0.51
4483, 0.53
4484, 0.52
4485, 0.31
4486, 0.53
4487, 0.61
4488, 0.61
4489, 0.52
4490, 0.31
4491, 0.58
4492, 0.50
4493, 0.58
4494, 0.37
4495, 0.94
4496, 0.51
4497, 0.50
4498, 0.95
4499, 0.37
4500, 0.25
4501, 0.87
4502, 0.92
4503, 0.51
4504, 0.56
4505, 0.57
4506, 0.46
4507, 0.38
4508, 0.57
4509, 0.52
4510, 0.53
4511, 0.57
4512, 0.59
4513, 0.46
4514, 0.78
4515, 0.52
4516, 0.53
4517, 0.69
4518, 0.57
4519, 0.58
4520, 0.43
4521, 0.27
4522, 0.55
4523, 0.94
4524, 0.49
4525, 0.29
4526, 0.27
4527, 0.94
4528, 0.59
4529, 0.59
4530, 0.37
4531, 0.56
4532, 0.54
4533, 0.47
4534, 0.93
4535, 0.57
4536, 0.51
4537, 0.95
4538, 0.50
4539, 0.27
4540, 0.50
4541, 0.56
4542, 0.25
4543, 0.49
4544, 0.46
4545, 0.93
4546, 0.47
4547, 0.47
4548, 0.60
4549, 0.45
4550, 0.56
4551, 0.42
4552, 0.45
4553, 0.91
4554, 0.57
4555, 0.56
4556, 0.68
4557, 0.53
4558, 0.45
4559, 0.59
4560, 0.53
4561, 0.60
4562, 0.60
4563, 0.94
4564, 0.93
4565, 0.58
4566, 0.55
4567, 0.61
4568, 0.63
4569, 0.66
4570, 0.29
4571, 0.52
4572, 0.47
4573, 0.61
4574, 0.40
4575, 0.88
4576, 0.91
4577, 0.47
4578, 0.40
4579, 0.55
4580, 0.30
4581, 0.87
4582, 0.89
4583, 0.61
4584, 0.52
4585, 0.94
4586, 0.48
4587, 0.94
4588, 0.69
4589, 0.45
4590, 0.26
4591, 0.48
4592, 0.55
4593, 0.38
4594, 0.44
4595, 0.89
4596, 0.55
4597, 0.51
4598, 0.52
4599, 0.47
4600, 0.50
4601, 0.20
4602, 0.57
4603, 0.49
4604, 0.50
4605, 0.51
4606, 0.50
4607, 0.23
4608, 0.56
4609, 0.52
4610, 0.22
4611, 0.57
4612, 0.57
4613, 0.27
4614, 0.50
4615, 0.25
4616, 0.53
4617, 0.84
4618, 0.94
4619, 0.30
4620, 0.55
4621, 0.47
4622, 0.88
4623, 0.91
4624, 0.57
4625, 0.64
4626, 0.86
4627, 0.23
4628, 0.28
4629, 0.87
4630, 0.58
4631, 0.44
4632, 0.54
4633, 0.51
4634, 0.62
4635, 0.44
4636, 0.93
4637, 0.50
4638, 0.51
4639, 0.94
4640, 0.95
4641, 0.51
4642, 0.27
4643, 0.71
4644, 0.54
4645, 0.33
4646, 0.49
4647, 0.53
4648, 0.63
4649, 0.76
4650, 0.30
4651, 0.61
4652, 0.52
4653, 0.48
4654, 0.48
4655, 0.52
4656, 0.92
4657, 0.49
4658, 0.49
4659, 0.25
4660, 0.51
4661, 0.58
4662, 0.64
4663, 0.31
4664, 0.92
4665, 0.51
4666, 0.63
4667, 0.92
4668, 0.48
4669, 0.71
4670, 0.49
4671, 0.51
4672, 0.88
4673, 0.28
4674, 0.93
4675, 0.49
4676, 0.31
4677, 0.56
4678, 0.28
4679, 0.27
4680, 0.42
4681, 0.54
4682, 0.94
4683, 0.92
4684, 0.90
4685, 0.54
4686, 0.31
4687, 0.44
4688, 0.34
4689, 0.58
4690, 0.92
4691, 0.48
4692, 0.63
4693, 0.71
4694, 0.48
4695, 0.54
4696, 0.25
4697, 0.41
4698, 0.32
4699, 0.57
4700, 0.62
4701, 0.88
4702, 0.55
4703, 0.58
4704, 0.29
4705, 0.54
4706, 0.48
4707, 0.54
4708, 0.93
4709, 0.83
4710, 0.50
4711, 0.56
4712, 0.26
4713, 0.64
4714, 0.46
4715, 0.44
4716, 0.64
4717, 0.46
4718, 0.94
4719, 0.88
4720, 0.52
4721, 0.62
4722, 0.53
4723, 0.58
4724, 0.48
4725, 0.30
4726, 0.44
4727, 0.55
4728, 0.63
4729, 0.44
4730, 0.54
4731, 0.53
4732, 0.52
4733, 0.49
4734, 0.57
4735, 0.56
4736, 0.44
4737, 0.53
4738, 0.67
4739, 0.61
4740, 0.41
4741, 0.53
4742, 0.59
4743, 0.77
4744, 0.67
4745, 0.49
4746, 0.62
4747, 0.66
4748, 0.54
4749, 0.94
4750, 0.53
4751, 0.54
4752, 0.50
4753, 0.48
4754, 0.61
4755, 0.88
4756, 0.49
4757, 0.61
4758, 0.85
4759, 0.49
4760, 0.65
4761, 0.47
4762, 0.94
4763, 0.29
4764, 0.23
4765, 0.44
4766, 0.36
4767, 0.53
4768, 0.58
4769, 0.56
4770, 0.57
4771, 0.95
4772, 0.47
4773, 0.61
4774, 0.62
4775, 0.55
4776, 0.56
4777, 0.44
4778, 0.69
4779, 0.54
4780, 0.57
4781, 0.94
4782, 0.51
4783, 0.93
4784, 0.70
4785, 0.94
4786, 0.78
4787, 0.92
4788, 0.38
4789, 0.54
4790, 0.58
4791, 0.61
4792, 0.60
4793, 0.43
4794, 0.29
4795, 0.93
4796, 0.75
4797, 0.61
4798, 0.48
4799, 0.53
4800, 0.48
4801, 0.41
4802, 0.28
4803, 0.41
4804, 0.55
4805, 0.54
4806, 0.59
4807, 0.45
4808, 0.58
4809, 0.48
4810, 0.76
4811, 0.47
4812, 0.46
4813, 0.51
4814, 0.25
4815, 0.57
4816, 0.50
4817, 0.52
4818, 0.49
4819, 0.48
4820, 0.93
4821, 0.48
4822, 0.28
4823, 0.34
4824, 0.57
4825, 0.27
4826, 0.51
4827, 0.51
4828, 0.45
4829, 0.91
4830, 0.58
4831, 0.53
4832, 0.32
4833, 0.93
4834, 0.43
4835, 0.50
4836, 0.92
4837, 0.23
4838, 0.38
4839, 0.27
4840, 0.48
4841, 0.53
4842, 0.35
4843, 0.55
4844, 0.58
4845, 0.54
4846, 0.90
4847, 0.47
4848, 0.94
4849, 0.51
4850, 0.65
4851, 0.20
4852, 0.61
4853, 0.53
4854, 0.29
4855, 0.42
4856, 0.25
4857, 0.64
4858, 0.57
4859, 0.43
4860, 0.70
4861, 0.31
4862, 0.59
4863, 0.54
4864, 0.83
4865, 0.29
4866, 0.88
4867, 0.52
4868, 0.25
4869, 0.52
4870, 0.52
4871, 0.92
4872, 0.62
4873, 0.63
4874, 0.46
4875, 0.51
4876, 0.48
4877, 0.92
4878, 0.56
4879, 0.45
4880, 0.66
4881, 0.56
4882, 0.93
4883, 0.93
4884, 0.46
4885, 0.46
4886, 0.68
4887, 0.57
4888, 0.44
4889, 0.57
4890, 0.47
4891, 0.59
4892, 0.31
4893, 0.27
4894, 0.24
4895, 0.57
4896, 0.56
4897, 0.57
4898, 0.50
4899, 0.51
4900, 0.69
4901, 0.47
4902, 0.56
4903, 0.53
4904, 0.53
4905, 0.46
4906, 0.93
4907, 0.70
4908, 0.29
4909, 0.56
4910, 0.55
4911, 0.61
4912, 0.95
4913, 0.48
4914, 0.54
4915, 0.95
4916, 0.95
4917, 0.53
4918, 0.57
4919, 0.42
4920, 0.46
4921, 0.45
4922, 0.31
4923, 0.94
4924, 0.57
4925, 0.57
4926, 0.35
4927, 0.58
4928, 0.50
4929, 0.93
4930, 0.89
4931, 0.53
4932, 0.48
4933, 0.35
4934, 0.41
4935, 0.51
4936, 0.48
4937, 0.66
4938, 0.58
4939, 0.57
4940, 0.70
4941, 0.61
4942, 0.48
4943, 0.53
4944, 0.93
4945, 0.47
4946, 0.54
4947, 0.56
4948, 0.36
4949, 0.53
4950, 0.61
4951, 0.53
4952, 0.60
4953, 0.58
4954, 0.37
4955, 0.48
4956, 0.52
4957, 0.54
4958, 0.43
4959, 0.40
4960, 0.49
4961, 0.93
4962, 0.34
4963, 0.44
4964, 0.55
4965, 0.60
4966, 0.58
4967, 0.49
4968, 0.60
4969, 0.91
4970, 0.38
4971, 0.57
4972, 0.40
4973, 0.47
4974, 0.57
4975, 0.59
4976, 0.45
4977, 0.54
4978, 0.41
4979, 0.42
4980, 0.56
4981, 0.40
4982, 0.45
4983, 0.74
4984, 0.50
4985, 0.62
4986, 0.56
4987, 0.53
4988, 0.95
4989, 0.56
4990, 0.23
4991, 0.71
4992, 0.29
4993, 0.60
4994, 0.52
4995, 0.62
4996, 0.43
4997, 0.34
4998, 0.44
4999, 0.60
5000, 0.94
5001, 0.30
5002, 0.57
5003, 0.58
5004, 0.32
5005, 0.33
5006, 0.65
5007, 0.45
5008, 0.55
5009, 0.46
5010, 0.57
5011, 0.25
5012, 0.47
5013, 0.53
5014, 0.92
5015, 0.32
5016, 0.53
5017, 0.51
5018, 0.80
5019, 0.61
5020, 0.59
5021, 0.26
5022, 0.59
5023, 0.89
5024, 0.53
5025, 0.56
5026, 0.54
5027, 0.58
5028, 0.47
5029, 0.24
5030, 0.42
5031, 0.50
5032, 0.49
5033, 0.66
5034, 0.29
5035, 0.50
5036, 0.53
5037, 0.41
5038, 0.64
5039, 0.41
5040, 0.57
5041, 0.52
5042, 0.91
5043, 0.24
5044, 0.62
5045, 0.55
5046, 0.46
5047, 0.49
5048, 0.49
5049, 0.50
5050, 0.57
5051, 0.41
5052, 0.43
5053, 0.94
5054, 0.53
5055, 0.55
5056, 0.47
5057, 0.26
5058, 0.46
5059, 0.92
5060, 0.95
5061, 0.39
5062, 0.63
5063, 0.56
5064, 0.50
5065, 0.26
5066, 0.39
5067, 0.61
5068, 0.73
5069, 0.54
5070, 0.60
5071, 0.59
5072, 0.54
5073, 0.85
5074, 0.42
5075, 0.52
5076, 0.54
5077, 0.54
5078, 0.92
5079, 0.93
5080, 0.57
5081, 0.35
5082, 0.42
5083, 0.53
5084, 0.58
5085, 0.93
5086, 0.51
5087, 0.46
5088, 0.66
5089, 0.92
5090, 0.56
5091, 0.52
5092, 0.50
5093, 0.40
5094, 0.26
5095, 0.54
5096, 0.45
5097, 0.37
5098, 0.46
5099, 0.58
5100, 0.67
5101, 0.61
5102, 0.29
5103, 0.57
5104, 0.55
5105, 0.57
5106, 0.50
5107, 0.62
5108, 0.52
5109, 0.92
5110, 0.26
5111, 0.52
5112, 0.40
5113, 0.27
5114, 0.46
5115, 0.50
5116, 0.48
5117, 0.94
5118, 0.51
5119, 0.50
5120, 0.63
5121, 0.60
5122, 0.47
5123, 0.45
5124, 0.50
5125, 0.90
5126, 0.55
5127, 0.22
5128, 0.52
5129, 0.57
5130, 0.49
5131, 0.21
5132, 0.45
5133, 0.62
5134, 0.59
5135, 0.63
5136, 0.42
5137, 0.55
5138, 0.64
5139, 0.46
5140, 0.89
5141, 0.53
5142, 0.93
5143, 0.43
5144, 0.43
5145, 0.71
5146, 0.64
5147, 0.53
5148, 0.59
5149, 0.49
5150, 0.58
5151, 0.55
5152, 0.25
5153, 0.60
5154, 0.33
5155, 0.45
5156, 0.26
5157, 0.59
5158, 0.56
5159, 0.64
5160, 0.35
5161, 0.56
5162, 0.66
5163, 0.50
5164, 0.67
5165, 0.54
5166, 0.45
5167, 0.49
5168, 0.46
5169, 0.57
5170, 0.62
5171, 0.53
5172, 0.39
5173, 0.44
5174, 0.62
5175, 0.26
5176, 0.94
5177, 0.58
5178, 0.56
5179, 0.44
5180, 0.61
5181, 0.91
5182, 0.36
5183, 0.49
5184, 0.93
5185, 0.95
5186, 0.50
5187, 0.38
5188, 0.26
5189, 0.45
5190, 0.56
5191, 0.45
5192, 0.52
5193, 0.48
5194, 0.55
5195, 0.94
5196, 0.53
5197, 0.34
5198, 0.59
5199, 0.58
5200, 0.94
5201, 0.48
5202, 0.47
5203, 0.55
5204, 0.26
5205, 0.58
5206, 0.47
5207, 0.94
5208, 0.48
5209, 0.49
5210, 0.51
5211, 0.45
5212, 0.54
5213, 0.88
5214, 0.46
5215, 0.40
5216, 0.25
5217, 0.46
5218, 0.36
5219, 0.51
5220, 0.57
5221, 0.29
5222, 0.33
5223, 0.52
5224, 0.51
5225, 0.49
5226, 0.52
5227, 0.26
5228, 0.53
5229, 0.29
5230, 0.44
5231, 0.48
5232, 0.64
5233, 0.60
5234, 0.26
5235, 0.69
5236, 0.45
5237, 0.50
5238, 0.35
5239, 0.51
5240, 0.62
5241, 0.76
5242, 0.26
5243, 0.47
5244, 0.92
5245, 0.34
5246, 0.91
5247, 0.70
5248, 0.58
5249, 0.55
5250, 0.55
5251, 0.52
5252, 0.58
5253, 0.29
5254, 0.29
5255, 0.41
5256, 0.61
5257, 0.22
5258, 0.55
5259, 0.61
5260, 0.53
5261, 0.93
5262, 0.55
5263, 0.62
5264, 0.54
5265, 0.50
5266, 0.52
5267, 0.93
5268, 0.26
5269, 0.59
5270, 0.52
5271, 0.53
5272, 0.94
5273, 0.52
5274, 0.57
5275, 0.55
5276, 0.54
5277, 0.50
5278, 0.47
5279, 0.66
5280, 0.51
5281, 0.93
5282, 0.49
5283, 0.92
5284, 0.76
5285, 0.53
5286, 0.24
5287, 0.59
5288, 0.85
5289, 0.62
5290, 0.56
5291, 0.94
5292, 0.47
5293, 0.47
5294, 0.24
5295, 0.22
5296, 0.25
5297, 0.66
5298, 0.49
5299, 0.92
5300, 0.58
5301, 0.59
5302, 0.51
5303, 0.58
5304, 0.58
5305, 0.52
5306, 0.53
5307, 0.53
5308, 0.89
5309, 0.67
5310, 0.53
5311, 0.44
5312, 0.49
5313, 0.55
5314, 0.79
5315, 0.90
5316, 0.52
5317, 0.22
5318, 0.49
5319, 0.88
5320, 0.89
5321, 0.51
5322, 0.62
5323, 0.48
5324, 0.51
5325, 0.49
5326, 0.47
5327, 0.58
5328, 0.58
5329, 0.34
5330, 0.53
5331, 0.52
5332, 0.24
5333, 0.46
5334, 0.48
5335, 0.45
5336, 0.56
5337, 0.50
5338, 0.46
5339, 0.23
5340, 0.19
5341, 0.58
5342, 0.56
5343, 0.52
5344, 0.48
5345, 0.58
5346, 0.53
5347, 0.59
5348, 0.70
5349, 0.55
5350, 0.56
5351, 0.85
5352, 0.75
5353, 0.53
5354, 0.49
5355, 0.93
5356, 0.93
5357, 0.57
5358, 0.55
5359, 0.44
5360, 0.47
5361, 0.46
5362, 0.60
5363, 0.50
5364, 0.51
5365, 0.57
5366, 0.54
5367, 0.94
5368, 0.53
5369, 0.56
5370, 0.94
5371, 0.56
5372, 0.31
5373, 0.52
5374, 0.45
5375, 0.76
5376, 0.25
5377, 0.82
5378, 0.63
5379, 0.39
5380, 0.57
5381, 0.32
5382, 0.42
5383, 0.52
5384, 0.55
5385, 0.50
5386, 0.50
5387, 0.47
5388, 0.29
5389, 0.52
5390, 0.44
5391, 0.57
5392, 0.51
5393, 0.83
5394, 0.55
5395, 0.53
5396, 0.93
5397, 0.51
5398, 0.55
5399, 0.54
5400, 0.52
5401, 0.29
5402, 0.54
5403, 0.44
5404, 0.43
5405, 0.33
5406, 0.53
5407, 0.31
5408, 0.54
5409, 0.52
5410, 0.37
5411, 0.31
5412, 0.91
5413, 0.44
5414, 0.88
5415, 0.54
5416, 0.62
5417, 0.49
5418, 0.24
5419, 0.93
5420, 0.46
5421, 0.56
5422, 0.48
5423, 0.73
5424, 0.38
5425, 0.62
5426, 0.61
5427, 0.51
5428, 0.52
5429, 0.54
5430, 0.45
5431, 0.54
5432, 0.50
5433, 0.54
5434, 0.94
5435, 0.53
5436, 0.66
5437, 0.56
5438, 0.59
5439, 0.51
5440, 0.41
5441, 0.90
5442, 0.65
5443, 0.50
5444, 0.52
5445, 0.53
5446, 0.90
5447, 0.60
5448, 0.59
5449, 0.51
5450, 0.33
5451, 0.63
5452, 0.45
5453, 0.90
5454, 0.64
5455, 0.94
5456, 0.60
5457, 0.92
5458, 0.62
5459, 0.92
5460, 0.56
5461, 0.56
5462, 0.47
5463, 0.60
5464, 0.62
5465, 0.50
5466, 0.59
5467, 0.49
5468, 0.47
5469, 0.45
5470, 0.43
5471, 0.44
5472, 0.73
5473, 0.52
5474, 0.52
5475, 0.43
5476, 0.57
5477, 0.61
5478, 0.58
5479, 0.95
5480, 0.48
5481, 0.62
5482, 0.42
5483, 0.53
5484, 0.54
5485, 0.24
5486, 0.75
5487, 0.92
5488, 0.26
5489, 0.53
5490, 0.92
5491, 0.55
5492, 0.65
5493, 0.55
5494, 0.61
5495, 0.59
5496, 0.93
5497, 0.56
5498, 0.55
5499, 0.48
5500, 0.94
5501, 0.55
5502, 0.54
5503, 0.52
5504, 0.62
5505, 0.61
5506, 0.62
5507, 0.62
5508, 0.59
5509, 0.51
5510, 0.65
5511, 0.51
5512, 0.56
5513, 0.61
5514, 0.92
5515, 0.52
5516, 0.63
5517, 0.60
5518, 0.35
5519, 0.58
5520, 0.84
5521, 0.49
5522, 0.44
5523, 0.53
5524, 0.95
5525, 0.58
5526, 0.44
5527, 0.52
5528, 0.26
5529, 0.60
5530, 0.27
5531, 0.48
5532, 0.54
5533, 0.62
5534, 0.47
5535, 0.54
5536, 0.45
5537, 0.69
5538, 0.94
5539, 0.54
5540, 0.29
5541, 0.23
5542, 0.91
5543, 0.42
5544, 0.94
5545, 0.23
5546, 0.61
5547, 0.48
5548, 0.47
5549, 0.40
5550, 0.25
5551, 0.54
5552, 0.50
5553, 0.38
5554, 0.89
5555, 0.62
5556, 0.48
5557, 0.47
5558, 0.53
5559, 0.54
5560, 0.57
5561, 0.30
5562, 0.64
5563, 0.55
5564, 0.57
5565, 0.45
5566, 0.24
5567, 0.23
5568, 0.52
5569, 0.53
5570, 0.41
5571, 0.54
5572, 0.94
5573, 0.94
5574, 0.57
5575, 0.57
5576, 0.31
5577, 0.29
5578, 0.65
5579, 0.30
5580, 0.56
5581, 0.48
5582, 0.51
5583, 0.63
5584, 0.52
5585, 0.63
5586, 0.58
5587, 0.26
5588, 0.61
5589, 0.71
5590, 0.53
5591, 0.62
5592, 0.50
5593, 0.47
5594, 0.91
5595, 0.62
5596, 0.38
5597, 0.44
5598, 0.64
5599, 0.94
5600, 0.65
5601, 0.57
5602, 0.63
5603, 0.57
5604, 0.48
5605, 0.87
5606, 0.28
5607, 0.60
5608, 0.27
5609, 0.46
5610, 0.42
5611, 0.65
5612, 0.67
5613, 0.26
5614, 0.60
5615, 0.25
5616, 0.27
5617, 0.47
5618, 0.48
5619, 0.54
5620, 0.49
5621, 0.94
5622, 0.32
5623, 0.45
5624, 0.55
5625, 0.51
5626, 0.44
5627, 0.56
5628, 0.47
5629, 0.42
5630, 0.55
5631, 0.54
5632, 0.55
5633, 0.94
5634, 0.50
5635, 0.91
5636, 0.25
5637, 0.29
5638, 0.53
5639, 0.50
5640, 0.57
5641, 0.49
5642, 0.63
5643, 0.59
5644, 0.94
5645, 0.29
5646, 0.36
5647, 0.25
5648, 0.41
5649, 0.52
5650, 0.59
5651, 0.47
5652, 0.58
5653, 0.29
5654, 0.27
5655, 0.52
5656, 0.47
5657, 0.51
5658, 0.94
5659, 0.48
5660, 0.88
5661, 0.35
5662, 0.94
5663, 0.51
5664, 0.60
5665, 0.48
5666, 0.61
5667, 0.62
5668, 0.44
5669, 0.39
5670, 0.53
5671, 0.58
5672, 0.64
5673, 0.29
5674, 0.43
5675, 0.94
5676, 0.56
5677, 0.50
5678, 0.56
5679, 0.56
5680, 0.27
5681, 0.31
5682, 0.53
5683, 0.55
5684, 0.94
5685, 0.62
5686, 0.47
5687, 0.92
5688, 0.90
5689, 0.48
5690, 0.24
5691, 0.56
5692, 0.56
5693, 0.57
5694, 0.48
5695, 0.22
5696, 0.28
5697, 0.60
5698, 0.49
5699, 0.50
5700, 0.28
5701, 0.94
5702, 0.50
5703, 0.93
5704, 0.87
5705, 0.92
5706, 0.77
5707, 0.32
5708, 0.49
5709, 0.50
5710, 0.91
5711, 0.40
5712, 0.67
5713, 0.37
5714, 0.58
5715, 0.55
5716, 0.62
5717, 0.49
5718, 0.54
5719, 0.25
5720, 0.61
5721, 0.55
5722, 0.47
5723, 0.55
5724, 0.46
5725, 0.54
5726, 0.55
5727, 0.24
5728, 0.55
5729, 0.39
5730, 0.58
5731, 0.55
5732, 0.48
5733, 0.87
5734, 0.56
5735, 0.51
5736, 0.91
5737, 0.54
5738, 0.57
5739, 0.88
5740, 0.29
5741, 0.58
5742, 0.44
5743, 0.60
5744, 0.26
5745, 0.75
5746, 0.53
5747, 0.61
5748, 0.44
5749, 0.90
5750, 0.57
5751, 0.91
5752, 0.60
5753, 0.45
5754, 0.61
5755, 0.59
5756, 0.87
5757, 0.58
5758, 0.57
5759, 0.53
5760, 0.32
5761, 0.57
5762, 0.55
5763, 0.52
5764, 0.35
5765, 0.68
5766, 0.48
5767, 0.48
5768, 0.35
5769, 0.94
5770, 0.64
5771, 0.43
5772, 0.51
5773, 0.59
5774, 0.63
5775, 0.49
5776, 0.48
5777, 0.58
5778, 0.26
5779, 0.50
5780, 0.60
5781, 0.53
5782, 0.55
5783, 0.54
5784, 0.49
5785, 0.56
5786, 0.91
5787, 0.58
5788, 0.69
5789, 0.23
5790, 0.86
5791, 0.26
5792, 0.46
5793, 0.59
5794, 0.30
5795, 0.40
5796, 0.27
5797, 0.42
5798, 0.61
5799, 0.53
5800, 0.27
5801, 0.22
5802, 0.65
5803, 0.33
5804, 0.69
5805, 0.95
5806, 0.56
5807, 0.53
5808, 0.25
5809, 0.49
5810, 0.63
5811, 0.47
5812, 0.43
5813, 0.61
5814, 0.60
5815, 0.29
5816, 0.61
5817, 0.40
5818, 0.90
5819, 0.57
5820, 0.57
5821, 0.61
5822, 0.40
5823, 0.45
5824, 0.77
5825, 0.65
5826, 0.88
5827, 0.56
5828, 0.48
5829, 0.61
5830, 0.45
5831, 0.59
5832, 0.65
5833, 0.58
5834, 0.53
5835, 0.26
5836, 0.23
5837, 0.67
5838, 0.55
5839, 0.81
5840, 0.29
5841, 0.54
5842, 0.64
5843, 0.92
5844, 0.51
5845, 0.94
5846, 0.73
5847, 0.35
5848, 0.55
5849, 0.44
5850, 0.45
5851, 0.49
5852, 0.53
5853, 0.48
5854, 0.27
5855, 0.56
5856, 0.52
5857, 0.57
5858, 0.44
5859, 0.38
5860, 0.55
5861, 0.26
5862, 0.53
5863, 0.74
5864, 0.93
5865, 0.61
5866, 0.51
5867, 0.94
5868, 0.43
5869, 0.42
5870, 0.27
5871, 0.57
5872, 0.53
5873, 0.84
5874, 0.51
5875, 0.45
5876, 0.30
5877, 0.91
5878, 0.60
5879, 0.49
5880, 0.60
5881, 0.34
5882, 0.23
5883, 0.90
5884, 0.86
5885, 0.54
5886, 0.48
5887, 0.53
5888, 0.42
5889, 0.47
5890, 0.70
5891, 0.42
5892, 0.49
5893, 0.48
5894, 0.59
5895, 0.48
5896, 0.62
5897, 0.63
5898, 0.61
5899, 0.38
5900, 0.50
5901, 0.46
5902, 0.61
5903, 0.62
5904, 0.33
5905, 0.59
5906, 0.51
5907, 0.56
5908, 0.47
5909, 0.39
5910, 0.95
5911, 0.23
5912, 0.43
5913, 0.92
5914, 0.47
5915, 0.35
5916, 0.46
5917, 0.56
5918, 0.34
5919, 0.59
5920, 0.55
5921, 0.58
5922, 0.57
5923, 0.88
5924, 0.27
5925, 0.51
5926, 0.64
5927, 0.29
5928, 0.59
5929, 0.58
5930, 0.58
5931, 0.48
5932, 0.57
5933, 0.94
5934, 0.48
5935, 0.29
5936, 0.28
5937, 0.62
5938, 0.58
5939, 0.33
5940, 0.28
5941, 0.94
5942, 0.49
5943, 0.45
5944, 0.72
5945, 0.95
5946, 0.51
5947, 0.54
5948, 0.48
5949, 0.64
5950, 0.27
5951, 0.55
5952, 0.48
5953, 0.26
5954, 0.57
5955, 0.50
5956, 0.53
5957, 0.31
5958, 0.44
5959, 0.50
5960, 0.48
5961, 0.59
5962, 0.55
5963, 0.72
5964, 0.84
5965, 0.59
5966, 0.59
5967, 0.49
5968, 0.51
5969, 0.45
5970, 0.57
5971, 0.54
5972, 0.89
5973, 0.44
5974, 0.53
5975, 0.53
5976, 0.21
5977, 0.29
5978, 0.59
5979, 0.49
5980, 0.61
5981, 0.55
5982, 0.54
5983, 0.53
5984, 0.46
5985, 0.57
5986, 0.57
5987, 0.48
5988, 0.89
5989, 0.56
5990, 0.94
5991, 0.93
5992, 0.60
5993, 0.51
5994, 0.56
5995, 0.94
5996, 0.49
5997, 0.56
5998, 0.51
5999, 0.61
6000, 0.95
6001, 0.55
6002, 0.93
6003, 0.81
6004, 0.42
6005, 0.60
6006, 0.24
6007, 0.46
6008, 0.58
6009, 0.63
6010, 0.55
6011, 0.54
6012, 0.48
6013, 0.54
6014, 0.54
6015, 0.56
6016, 0.54
6017, 0.60
6018, 0.62
6019, 0.58
6020, 0.53
6021, 0.40
6022, 0.25
6023, 0.61
6024, 0.55
6025, 0.53
6026, 0.40
6027, 0.92
6028, 0.62
6029, 0.51
6030, 0.67
6031, 0.50
6032, 0.93
6033, 0.49
6034, 0.55
6035, 0.46
6036, 0.93
6037, 0.54
6038, 0.55
6039, 0.50
6040, 0.53
6041, 0.28
6042, 0.53
6043, 0.68
6044, 0.60
6045, 0.30
6046, 0.68
6047, 0.92
6048, 0.65
6049, 0.36
6050, 0.93
6051, 0.53
6052, 0.61
6053, 0.61
6054, 0.57
6055, 0.69
6056, 0.46
6057, 0.60
6058, 0.92
6059, 0.55
6060, 0.45
6061, 0.58
6062, 0.55
6063, 0.40
6064, 0.61
6065, 0.58
6066, 0.56
6067, 0.54
6068, 0.58
6069, 0.55
6070, 0.57
6071, 0.94
6072, 0.44
6073, 0.86
6074, 0.36
6075, 0.43
6076, 0.36
6077, 0.50
6078, 0.65
6079, 0.28
6080, 0.42
6081, 0.53
6082, 0.56
6083, 0.62
6084, 0.56
6085, 0.47
6086, 0.47
6087, 0.50
6088, 0.60
6089, 0.53
6090, 0.48
6091, 0.57
6092, 0.33
6093, 0.65
6094, 0.54
6095, 0.25
6096, 0.57
6097, 0.58
6098, 0.44
6099, 0.57
6100, 0.61
6101, 0.54
6102, 0.40
6103, 0.93
6104, 0.26
6105, 0.35
6106, 0.76
6107, 0.55
6108, 0.39
6109, 0.48
6110, 0.55
6111, 0.57
6112, 0.23
6113, 0.55
6114, 0.50
6115, 0.59
6116, 0.56
6117, 0.59
6118, 0.54
6119, 0.50
6120, 0.30
6121, 0.92
6122, 0.21
6123, 0.25
6124, 0.48
6125, 0.59
6126, 0.57
6127, 0.50
6128, 0.55
6129, 0.44
6130, 0.44
6131, 0.93
6132, 0.48
6133, 0.64
6134, 0.45
6135, 0.57
6136, 0.57
6137, 0.56
6138, 0.50
6139, 0.86
6140, 0.61
6141, 0.84
6142, 0.93
6143, 0.49
6144, 0.52
6145, 0.59
6146, 0.73
6147, 0.46
6148, 0.56
6149, 0.37
6150, 0.61
6151, 0.51
6152, 0.43
6153, 0.63
6154, 0.94
6155, 0.27
6156, 0.24
6157, 0.56
6158, 0.45
6159, 0.29
6160, 0.46
6161, 0.22
6162, 0.65
6163, 0.54
6164, 0.53
6165, 0.62
6166, 0.54
6167, 0.47
6168, 0.57
6169, 0.49
6170, 0.54
6171, 0.94
6172, 0.56
6173, 0.62
6174, 0.45
6175, 0.57
6176, 0.51
6177, 0.60
6178, 0.26
6179, 0.57
6180, 0.62
6181, 0.26
6182, 0.94
6183, 0.55
6184, 0.52
6185, 0.57
6186, 0.62
6187, 0.63
6188, 0.53
6189, 0.94
6190, 0.72
6191, 0.55
6192, 0.57
6193, 0.91
6194, 0.25
6195, 0.57
6196, 0.62
6197, 0.94
6198, 0.48
6199, 0.66
6200, 0.56
6201, 0.75
6202, 0.40
6203, 0.25
6204, 0.93
6205, 0.48
6206, 0.91
6207, 0.44
6208, 0.47
6209, 0.34
6210, 0.44
6211, 0.52
6212, 0.51
6213, 0.26
6214, 0.72
6215, 0.51
6216, 0.52
6217, 0.52
6218, 0.20
6219, 0.94
6220, 0.45
6221, 0.43
6222, 0.51
6223, 0.93
6224, 0.36
6225, 0.53
6226, 0.66
6227, 0.60
6228, 0.59
6229, 0.92
6230, 0.94
6231, 0.52
6232, 0.29
6233, 0.67
6234, 0.90
6235, 0.52
6236, 0.59
6237, 0.52
6238, 0.59
6239, 0.60
6240, 0.56
6241, 0.57
6242, 0.59
6243, 0.57
6244, 0.60
6245, 0.43
6246, 0.56
6247, 0.45
6248, 0.58
6249, 0.46
6250, 0.93
6251, 0.53
6252, 0.43
6253, 0.54
6254, 0.41
6255, 0.55
6256, 0.46
6257, 0.52
6258, 0.56
6259, 0.50
6260, 0.60
6261, 0.51
6262, 0.57
6263, 0.60
6264, 0.29
6265, 0.31
6266, 0.94
6267, 0.62
6268, 0.82
6269, 0.51
6270, 0.56
6271, 0.56
6272, 0.42
6273, 0.30
6274, 0.41
6275, 0.53
6276, 0.56
6277, 0.76
6278, 0.52
6279, 0.45
6280, 0.94
6281, 0.29
6282, 0.48
6283, 0.28
6284, 0.57
6285, 0.54
6286, 0.56
6287, 0.58
6288, 0.59
6289, 0.38
6290, 0.90
6291, 0.46
6292, 0.44
6293, 0.49
6294, 0.51
6295, 0.63
6296, 0.74
6297, 0.47
6298, 0.35
6299, 0.89
6300, 0.52
6301, 0.50
6302, 0.42
6303, 0.34
6304, 0.94
6305, 0.56
6306, 0.70
6307, 0.65
6308, 0.46
6309, 0.41
6310, 0.52
6311, 0.33
6312, 0.18
6313, 0.59
6314, 0.41
6315, 0.51
6316, 0.90
6317, 0.57
6318, 0.52
6319, 0.44
6320, 0.77
6321, 0.58
6322, 0.57
6323, 0.53
6324, 0.95
6325, 0.50
6326, 0.26
6327, 0.55
6328, 0.21
6329, 0.48
6330, 0.73
6331, 0.49
6332, 0.55
6333, 0.54
6334, 0.70
6335, 0.66
6336, 0.59
6337, 0.50
6338, 0.53
6339, 0.51
6340, 0.25
6341, 0.60
6342, 0.44
6343, 0.45
6344, 0.92
6345, 0.40
6346, 0.93
6347, 0.52
6348, 0.93
6349, 0.54
6350, 0.45
6351, 0.58
6352, 0.93
6353, 0.53
6354, 0.55
6355, 0.63
6356, 0.32
6357, 0.88
6358, 0.44
6359, 0.63
6360, 0.92
6361, 0.31
6362, 0.69
6363, 0.92
6364, 0.47
6365, 0.50
6366, 0.23
6367, 0.56
6368, 0.31
6369, 0.93
6370, 0.53
6371, 0.56
6372, 0.25
6373, 0.59
6374, 0.53
6375, 0.30
6376, 0.91
6377, 0.57
6378, 0.89
6379, 0.62
6380, 0.38
6381, 0.56
6382, 0.51
6383, 0.60
6384, 0.49
6385, 0.51
6386, 0.50
6387, 0.32
6388, 0.53
6389, 0.55
6390, 0.62
6391, 0.56
6392, 0.44
6393, 0.62
6394, 0.45
6395, 0.44
6396, 0.91
6397, 0.21
6398, 0.55
6399, 0.48
6400, 0.47
6401, 0.53
6402, 0.27
6403, 0.54
6404, 0.88
6405, 0.53
6406, 0.53
6407, 0.66
6408, 0.55
6409, 0.55
6410, 0.47
6411, 0.49
6412, 0.56
6413, 0.37
6414, 0.55
6415, 0.62
6416, 0.50
6417, 0.27
6418, 0.28
6419, 0.54
6420, 0.66
6421, 0.76
6422, 0.27
6423, 0.27
6424, 0.46
6425, 0.57
6426, 0.90
6427, 0.51
6428, 0.51
6429, 0.55
6430, 0.91
6431, 0.28
6432, 0.51
6433, 0.34
6434, 0.48
6435, 0.36
6436, 0.24
6437, 0.60
6438, 0.53
6439, 0.49
6440, 0.48
6441, 0.51
6442, 0.48
6443, 0.47
6444, 0.34
6445, 0.35
6446, 0.52
6447, 0.56
6448, 0.88
6449, 0.61
6450, 0.31
6451, 0.50
6452, 0.55
6453, 0.67
6454, 0.60
6455, 0.45
6456, 0.89
6457, 0.45
6458, 0.44
6459, 0.55
6460, 0.27
6461, 0.66
6462, 0.41
6463, 0.39
6464, 0.61
6465, 0.38
6466, 0.47
6467, 0.60
6468, 0.92
6469, 0.55
6470, 0.46
6471, 0.65
6472, 0.48
6473, 0.41
6474, 0.55
6475, 0.59
6476, 0.94
6477, 0.52
6478, 0.32
6479, 0.52
6480, 0.46
6481, 0.50
6482, 0.50
6483, 0.47
6484, 0.61
6485, 0.51
6486, 0.29
6487, 0.51
6488, 0.91
6489, 0.31
6490, 0.50
6491, 0.48
6492, 0.26
6493, 0.63
6494, 0.51
6495, 0.50
6496, 0.62
6497, 0.58
6498, 0.29
6499, 0.58
6500, 0.53
6501, 0.62
6502, 0.55
6503, 0.47
6504, 0.28
6505, 0.49
6506, 0.57
6507, 0.58
6508, 0.56
6509, 0.67
6510, 0.57
6511, 0.84
6512, 0.93
6513, 0.47
6514, 0.56
6515, 0.54
6516, 0.59
6517, 0.54
6518, 0.48
6519, 0.45
6520, 0.30
6521, 0.63
6522, 0.61
6523, 0.46
6524, 0.51
6525, 0.50
6526, 0.61
6527, 0.67
6528, 0.93
6529, 0.59
6530, 0.94
6531, 0.54
6532, 0.26
6533, 0.47
6534, 0.64
6535, 0.25
6536, 0.93
6537, 0.56
6538, 0.57
6539, 0.58
6540, 0.56
6541, 0.57
6542, 0.45
6543, 0.92
6544, 0.52
6545, 0.56
6546, 0.49
6547, 0.48
6548, 0.56
6549, 0.86
6550, 0.53
6551, 0.58
6552, 0.24
6553, 0.69
6554, 0.43
6555, 0.63
6556, 0.49
6557, 0.54
6558, 0.65
6559, 0.57
6560, 0.33
6561, 0.53
6562, 0.53
6563, 0.56
6564, 0.36
6565, 0.53
6566, 0.26
6567, 0.91
6568, 0.57
6569, 0.23
6570, 0.54
6571, 0.56
6572, 0.57
6573, 0.53
6574, 0.92
6575, 0.53
6576, 0.28
6577, 0.55
6578, 0.56
6579, 0.39
6580, 0.54
6581, 0.49
6582, 0.48
6583, 0.71
6584, 0.55
6585, 0.48
6586, 0.62
6587, 0.28
6588, 0.45
6589, 0.35
6590, 0.49
6591, 0.41
6592, 0.93
6593, 0.48
6594, 0.43
6595, 0.68
6596, 0.55
6597, 0.60
6598, 0.51
6599, 0.40
6600, 0.54
6601, 0.53
6602, 0.64
6603, 0.47
6604, 0.51
6605, 0.28
6606, 0.57
6607, 0.49
6608, 0.54
6609, 0.53
6610, 0.31
6611, 0.28
6612, 0.30
6613, 0.62
6614, 0.59
6615, 0.64
6616, 0.24
6617, 0.94
6618, 0.29
6619, 0.75
6620, 0.49
6621, 0.24
6622, 0.54
6623, 0.45
6624, 0.52
6625, 0.53
6626, 0.58
6627, 0.50
6628, 0.57
6629, 0.63
6630, 0.93
6631, 0.50
6632, 0.58
6633, 0.56
6634, 0.49
6635, 0.88
6636, 0.41
6637, 0.90
6638, 0.51
6639, 0.95
6640, 0.59
6641, 0.90
6642, 0.43
6643, 0.25
6644, 0.43
6645, 0.51
6646, 0.28
6647, 0.49
6648, 0.29
6649, 0.29
6650, 0.35
6651, 0.69
6652, 0.54
6653, 0.56
6654, 0.56
6655, 0.50
6656, 0.45
6657, 0.61
6658, 0.59
6659, 0.57
6660, 0.91
6661, 0.55
6662, 0.53
6663, 0.50
6664, 0.55
6665, 0.61
6666, 0.58
6667, 0.55
6668, 0.69
6669, 0.56
6670, 0.64
6671, 0.91
6672, 0.53
6673, 0.27
6674, 0.60
6675, 0.34
6676, 0.68
6677, 0.48
6678, 0.70
6679, 0.54
6680, 0.25
6681, 0.67
6682, 0.66
6683, 0.42
6684, 0.52
6685, 0.53
6686, 0.47
6687, 0.62
6688, 0.63
6689, 0.94
6690, 0.56
6691, 0.53
6692, 0.85
6693, 0.54
6694, 0.48
6695, 0.26
6696, 0.92
6697, 0.38
6698, 0.48
6699, 0.52
6700, 0.52
6701, 0.58
6702, 0.27
6703, 0.31
6704, 0.60
6705, 0.38
6706, 0.59
6707, 0.54
6708, 0.57
6709, 0.57
6710, 0.25
6711, 0.65
6712, 0.56
6713, 0.51
6714, 0.25
6715, 0.52
6716, 0.55
6717, 0.40
6718, 0.49
6719, 0.50
6720, 0.43
6721, 0.62
6722, 0.54
6723, 0.92
6724, 0.52
6725, 0.40
6726, 0.53
6727, 0.52
6728, 0.27
6729, 0.94
6730, 0.60
6731, 0.53
6732, 0.93
6733, 0.53
6734, 0.60
6735, 0.59
6736, 0.53
6737, 0.56
6738, 0.59
6739, 0.51
6740, 0.62
6741, 0.53
6742, 0.41
6743, 0.27
6744, 0.92
6745, 0.85
6746, 0.58
6747, 0.41
6748, 0.55
6749, 0.89
6750, 0.52
6751, 0.24
6752, 0.54
6753, 0.46
6754, 0.47
6755, 0.32
6756, 0.49
6757, 0.64
6758, 0.53
6759, 0.42
6760, 0.58
6761, 0.27
6762, 0.22
6763, 0.67
6764, 0.49
6765, 0.29
6766, 0.54
6767, 0.60
6768, 0.52
6769, 0.51
6770, 0.90
6771, 0.56
6772, 0.74
6773, 0.27
6774, 0.59
6775, 0.68
6776, 0.59
6777, 0.61
6778, 0.53
6779, 0.51
6780, 0.59
6781, 0.93
6782, 0.54
6783, 0.58
6784, 0.87
6785, 0.46
6786, 0.47
6787, 0.61
6788, 0.53
6789, 0.94
6790, 0.42
6791, 0.54
6792, 0.94
6793, 0.40
6794, 0.44
6795, 0.70
6796, 0.92
6797, 0.53
6798, 0.93
6799, 0.28
6800, 0.90
6801, 0.92
6802, 0.58
6803, 0.58
6804, 0.22
6805, 0.86
6806, 0.64
6807, 0.55
6808, 0.23
6809, 0.28
6810, 0.23
6811, 0.64
6812, 0.51
6813, 0.50
6814, 0.46
6815, 0.57
6816, 0.53
6817, 0.55
6818, 0.52
6819, 0.77
6820, 0.44
6821, 0.87
6822, 0.49
6823, 0.55
6824, 0.42
6825, 0.75
6826, 0.70
6827, 0.30
6828, 0.38
6829, 0.57
6830, 0.38
6831, 0.94
6832, 0.30
6833, 0.89
6834, 0.53
6835, 0.43
6836, 0.47
6837, 0.27
6838, 0.54
6839, 0.51
6840, 0.25
6841, 0.52
6842, 0.55
6843, 0.63
6844, 0.42
6845, 0.49
6846, 0.55
6847, 0.94
6848, 0.42
6849, 0.54
6850, 0.52
6851, 0.27
6852, 0.51
6853, 0.51
6854, 0.68
6855, 0.47
6856, 0.57
6857, 0.50
6858, 0.63
6859, 0.51
6860, 0.55
6861, 0.92
6862, 0.94
6863, 0.58
6864, 0.58
6865, 0.26
6866, 0.58
6867, 0.65
6868, 0.61
6869, 0.61
6870, 0.60
6871, 0.47
6872, 0.54
6873, 0.91
6874, 0.57
6875, 0.58
6876, 0.50
6877, 0.44
6878, 0.29
6879, 0.49
6880, 0.54
6881, 0.57
6882, 0.56
6883, 0.59
6884, 0.69
6885, 0.50
6886, 0.45
6887, 0.52
6888, 0.56
6889, 0.25
6890, 0.87
6891, 0.59
6892, 0.93
6893, 0.59
6894, 0.93
6895, 0.93
6896, 0.36
6897, 0.88
6898, 0.58
6899, 0.58
6900, 0.94
6901, 0.51
6902, 0.52
6903, 0.29
6904, 0.50
6905, 0.53
6906, 0.28
6907, 0.44
6908, 0.50
6909, 0.31
6910, 0.52
6911, 0.88
6912, 0.51
6913, 0.51
6914, 0.46
6915, 0.34
6916, 0.45
6917, 0.57
6918, 0.50
6919, 0.56
6920, 0.51
6921, 0.56
6922, 0.54
6923, 0.22
6924, 0.56
6925, 0.47
6926, 0.61
6927, 0.45
6928, 0.61
6929, 0.49
6930, 0.40
6931, 0.73
6932, 0.93
6933, 0.56
6934, 0.48
6935, 0.61
6936, 0.94
6937, 0.62
6938, 0.55
6939, 0.26
6940, 0.94
6941, 0.58
6942, 0.50
6943, 0.48
6944, 0.50
6945, 0.56
6946, 0.46
6947, 0.70
6948, 0.24
6949, 0.94
6950, 0.55
6951, 0.62
6952, 0.68
6953, 0.47
6954, 0.55
6955, 0.53
6956, 0.27
6957, 0.35
6958, 0.28
6959, 0.56
6960, 0.30
6961, 0.94
6962, 0.31
6963, 0.53
6964, 0.57
6965, 0.94
6966, 0.45
6967, 0.51
6968, 0.55
6969, 0.45
6970, 0.27
6971, 0.37
6972, 0.51
6973, 0.58
6974, 0.67
6975, 0.46
6976, 0.53
6977, 0.27
6978, 0.51
6979, 0.43
6980, 0.62
6981, 0.23
6982, 0.46
6983, 0.63
6984, 0.45
6985, 0.23
6986, 0.54
6987, 0.61
6988, 0.53
6989, 0.70
6990, 0.56
6991, 0.53
6992, 0.38
6993, 0.59
6994, 0.61
6995, 0.89
6996, 0.59
6997, 0.94
6998, 0.58
6999, 0.50
7000, 0.54
7001, 0.72
7002, 0.59
7003, 0.56
7004, 0.92
7005, 0.69
7006, 0.52
7007, 0.47
7008, 0.62
7009, 0.57
7010, 0.60
7011, 0.44
7012, 0.30
7013, 0.72
7014, 0.53
7015, 0.60
7016, 0.47
7017, 0.45
7018, 0.26
7019, 0.55
7020, 0.59
7021, 0.47
7022, 0.26
7023, 0.68
7024, 0.58
7025, 0.44
7026, 0.64
7027, 0.23
7028, 0.48
7029, 0.52
7030, 0.45
7031, 0.57
7032, 0.57
7033, 0.27
7034, 0.89
7035, 0.85
7036, 0.76
7037, 0.22
7038, 0.52
7039, 0.55
7040, 0.52
7041, 0.57
7042, 0.51
7043, 0.47
7044, 0.45
7045, 0.58
7046, 0.56
7047, 0.45
7048, 0.62
7049, 0.64
7050, 0.60
7051, 0.51
7052, 0.44
7053, 0.47
7054, 0.59
7055, 0.53
7056, 0.47
7057, 0.49
7058, 0.55
7059, 0.31
7060, 0.53
7061, 0.27
7062, 0.58
7063, 0.49
7064, 0.41
7065, 0.93
7066, 0.53
7067, 0.52
7068, 0.48
7069, 0.53
7070, 0.56
7071, 0.60
7072, 0.91
7073, 0.27
7074, 0.45
7075, 0.24
7076, 0.54
7077, 0.24
7078, 0.42
7079, 0.94
7080, 0.92
7081, 0.59
7082, 0.25
7083, 0.36
7084, 0.47
7085, 0.52
7086, 0.49
7087, 0.93
7088, 0.54
7089, 0.56
7090, 0.48
7091, 0.57
7092, 0.57
7093, 0.49
7094, 0.24
7095, 0.58
7096, 0.57
7097, 0.49
7098, 0.58
7099, 0.53
7100, 0.59
7101, 0.47
7102, 0.65
7103, 0.49
7104, 0.58
7105, 0.64
7106, 0.89
7107, 0.44
7108, 0.55
7109, 0.56
7110, 0.24
7111, 0.57
7112, 0.40
7113, 0.68
7114, 0.52
7115, 0.46
7116, 0.54
7117, 0.32
7118, 0.57
7119, 0.71
7120, 0.51
7121, 0.44
7122, 0.46
7123, 0.93
7124, 0.52
7125, 0.47
7126, 0.45
7127, 0.47
7128, 0.51
7129, 0.56
7130, 0.89
7131, 0.64
7132, 0.48
7133, 0.24
7134, 0.35
7135, 0.57
7136, 0.54
7137, 0.29
7138, 0.61
7139, 0.60
7140, 0.22
7141, 0.52
7142, 0.30
7143, 0.43
7144, 0.44
7145, 0.86
7146, 0.46
7147, 0.48
7148, 0.50
7149, 0.91
7150, 0.57
7151, 0.50
7152, 0.35
7153, 0.49
7154, 0.55
7155, 0.88
7156, 0.51
7157, 0.72
7158, 0.61
7159, 0.59
7160, 0.45
7161, 0.26
7162, 0.27
7163, 0.45
7164, 0.70
7165, 0.65
7166, 0.91
7167, 0.46
7168, 0.45
7169, 0.44
7170, 0.77
7171, 0.32
7172, 0.50
7173, 0.40
7174, 0.56
7175, 0.49
7176, 0.62
7177, 0.55
7178, 0.50
7179, 0.94
7180, 0.90
7181, 0.89
7182, 0.34
7183, 0.94
7184, 0.80
7185, 0.60
7186, 0.28
7187, 0.51
7188, 0.50
7189, 0.33
7190, 0.65
7191, 0.50
7192, 0.91
7193, 0.51
7194, 0.59
7195, 0.63
7196, 0.57
7197, 0.36
7198, 0.53
7199, 0.29
7200, 0.92
7201, 0.56
7202, 0.54
7203, 0.47
7204, 0.27
7205, 0.55
7206, 0.41
7207, 0.44
7208, 0.68
7209, 0.51
7210, 0.50
7211, 0.54
7212, 0.39
7213, 0.59
7214, 0.54
7215, 0.27
7216, 0.94
7217, 0.93
7218, 0.63
7219, 0.59
7220, 0.57
7221, 0.63
7222, 0.91
7223, 0.46
7224, 0.56
7225, 0.92
7226, 0.49
7227, 0.44
7228, 0.49
7229, 0.37
7230, 0.40
7231, 0.53
7232, 0.43
7233, 0.56
7234, 0.55
7235, 0.24
7236, 0.64
7237, 0.56
7238, 0.48
7239, 0.47
7240, 0.47
7241, 0.51
7242, 0.52
7243, 0.53
7244, 0.57
7245, 0.43
7246, 0.34
7247, 0.42
7248, 0.38
7249, 0.54
7250, 0.52
7251, 0.66
7252, 0.70
7253, 0.57
7254, 0.47
7255, 0.94
7256, 0.51
7257, 0.53
7258, 0.91
7259, 0.55
7260, 0.41
7261, 0.40
7262, 0.76
7263, 0.61
7264, 0.50
7265, 0.43
7266, 0.45
7267, 0.94
7268, 0.53
7269, 0.88
7270, 0.47
7271, 0.52
7272, 0.48
7273, 0.51
7274, 0.90
7275, 0.89
7276, 0.58
7277, 0.49
7278, 0.63
7279, 0.52
7280, 0.52
7281, 0.48
7282, 0.46
7283, 0.49
7284, 0.54
7285, 0.62
7286, 0.55
7287, 0.59
7288, 0.59
7289, 0.57
7290, 0.51
7291, 0.69
7292, 0.51
7293, 0.63
7294, 0.40
7295, 0.27
7296, 0.89
7297, 0.71
7298, 0.92
7299, 0.68
7300, 0.54
7301, 0.52
7302, 0.58
7303, 0.52
7304, 0.23
7305, 0.72
7306, 0.57
7307, 0.54
7308, 0.33
7309, 0.47
7310, 0.54
7311, 0.46
7312, 0.55
7313, 0.52
7314, 0.44
7315, 0.52
7316, 0.48
7317, 0.52
7318, 0.44
7319, 0.53
7320, 0.47
7321, 0.58
7322, 0.90
7323, 0.38
7324, 0.91
7325, 0.58
7326, 0.49
7327, 0.57
7328, 0.51
7329, 0.57
7330, 0.49
7331, 0.57
7332, 0.45
7333, 0.57
7334, 0.70
7335, 0.54
7336, 0.48
7337, 0.53
7338, 0.52
7339, 0.56
7340, 0.46
7341, 0.53
7342, 0.90
7343, 0.63
7344, 0.43
7345, 0.30
7346, 0.52
7347, 0.91
7348, 0.42
7349, 0.94
7350, 0.39
7351, 0.75
7352, 0.56
7353, 0.45
7354, 0.91
7355, 0.93
7356, 0.53
7357, 0.46
7358, 0.32
7359, 0.56
7360, 0.57
7361, 0.66
7362, 0.93
7363, 0.47
7364, 0.56
7365, 0.53
7366, 0.52
7367, 0.92
7368, 0.51
7369, 0.50
7370, 0.56
7371, 0.49
7372, 0.39
7373, 0.94
7374, 0.52
7375, 0.61
7376, 0.94
7377, 0.27
7378, 0.57
7379, 0.50
7380, 0.61
7381, 0.51
7382, 0.40
7383, 0.79
7384, 0.60
7385, 0.25
7386, 0.55
7387, 0.51
7388, 0.52
7389, 0.91
7390, 0.64
7391, 0.56
7392, 0.44
7393, 0.49
7394, 0.90
7395, 0.57
7396, 0.52
7397, 0.56
7398, 0.45
7399, 0.38
7400, 0.51
7401, 0.94
7402, 0.58
7403, 0.47
7404, 0.52
7405, 0.54
7406, 0.32
7407, 0.53
7408, 0.52
7409, 0.30
7410, 0.44
7411, 0.25
7412, 0.48
7413, 0.25
7414, 0.83
7415, 0.60
7416, 0.23
7417, 0.92
7418, 0.26
7419, 0.52
7420, 0.94
7421, 0.51
